lastAccountName: MrEzeee
timestamps:
  login: 1437173897473
  logout: 1437174217579
ipAddress: 181.169.121.125
lastlocation:
  world: juegos
  x: -1395.4185400764914
  y: 30.018814808330944
  z: 4026.3840599087716
  yaw: 178.01599
  pitch: 8.899191
logoutlocation:
  world: juegos
  x: -1340.5888820230637
  y: 8.0
  z: 3865.7620274934593
  yaw: 117.44949
  pitch: 26.249983
socialspy: false
money: '30.0'
