lastAccountName: ElPixar_Gamez
timestamps:
  login: 1435180957691
  lastteleport: 1435181107395
  logout: 1435181515644
ipAddress: 200.74.124.137
lastlocation:
  world: plotworld
  x: -20.89476597484397
  y: 69.0
  z: 21.41834132997206
  yaw: -101.45038
  pitch: 59.85164
logoutlocation:
  world: world
  x: -62.51715106905672
  y: 70.0
  z: 253.57118533557173
  yaw: 251.40627
  pitch: 32.811676
money: '30.0'
