lastAccountName: ItsLautixz
timestamps:
  login: 1432240651648
  logout: 1432240812916
ipAddress: 190.47.235.49
lastlocation:
  world: juegos
  x: -1395.4185400764914
  y: 30.018814808330944
  z: 4026.3840599087716
  yaw: 178.01599
  pitch: 8.899191
logoutlocation:
  world: juegos
  x: -1451.7542080164972
  y: 24.104080378093037
  z: 3953.9335211747307
  yaw: -146.17853
  pitch: 3.9286542
money: '30.0'
