lastAccountName: Gerard03002
timestamps:
  login: 1437013629792
  logout: 1437013854205
  mute: 0
  lastteleport: 1435285973529
ipAddress: 189.177.189.209
lastlocation:
  world: spawn
  x: 553.6762412815558
  y: 40.670787077218804
  z: -1072.1388768828444
  yaw: 165.25848
  pitch: 42.15006
logoutlocation:
  world: juegos
  x: -1100.196941460717
  y: 54.0
  z: 2795.904010949335
  yaw: 80.20572
  pitch: 37.499928
socialspy: false
muted: false
money: '60.0'
