lastAccountName: AlvarocraftHD
timestamps:
  login: 1434875287541
  logout: 1434875301792
ipAddress: 83.173.170.61
lastlocation:
  world: juegos
  x: -1395.4185400764914
  y: 30.018814808330944
  z: 4026.3840599087716
  yaw: 178.01599
  pitch: 8.899191
logoutlocation:
  world: juegos
  x: -1372.7516752541576
  y: 29.0155550727022
  z: 4005.134939369548
  yaw: -119.85001
  pitch: 8.249991
socialspy: false
money: '30.0'
