lastAccountName: Apixelados
timestamps:
  login: 1434929335246
  logout: 1434929461748
ipAddress: 181.66.156.52
lastlocation:
  world: juegos
  x: -1395.4185400764914
  y: 30.018814808330944
  z: 4026.3840599087716
  yaw: 178.01599
  pitch: 8.899191
logoutlocation:
  world: juegos
  x: -1400.397123101137
  y: 6.600183364558419
  z: 3915.318508789451
  yaw: 277.94965
  pitch: 10.050034
money: '30.0'
