lastAccountName: Thiagonel
timestamps:
  login: 1433708223772
  logout: 1433708262389
ipAddress: 181.66.156.113
lastlocation:
  world: juegos
  x: -1395.4185400764914
  y: 30.018814808330944
  z: 4026.3840599087716
  yaw: 178.01599
  pitch: 8.899191
logoutlocation:
  world: juegos
  x: -1404.5
  y: 88.0
  z: 4026.5
  yaw: 0.0
  pitch: 0.0
socialspy: false
money: '30.0'
