lastAccountName: DarcKGus
timestamps:
  login: 1434760731075
  logout: 1434760782156
ipAddress: 190.161.53.143
lastlocation:
  world: juegos
  x: -1395.4185400764914
  y: 30.018814808330944
  z: 4026.3840599087716
  yaw: 178.01599
  pitch: 8.899191
logoutlocation:
  world: juegos
  x: -1395.929325056868
  y: 89.0
  z: 4015.8531702557357
  yaw: 126.29999
  pitch: 73.95
socialspy: false
money: '30.0'
