lastAccountName: JesusBack
timestamps:
  login: 1433720901256
  logout: 1433720914516
ipAddress: 190.162.212.150
lastlocation:
  world: juegos
  x: -1395.4185400764914
  y: 30.018814808330944
  z: 4026.3840599087716
  yaw: 178.01599
  pitch: 8.899191
logoutlocation:
  world: juegos
  x: -1395.5
  y: 28.0
  z: 4026.5
  yaw: -175.709
  pitch: 32.099586
money: '30.0'
