lastAccountName: guilmon
timestamps:
  login: 1433555301746
  lastteleport: 1433556122248
  logout: 1433557533811
ipAddress: 190.42.16.158
lastlocation:
  world: Factions
  x: -596.0751532824648
  y: 90.0
  z: 103.10056159352781
  yaw: 42.558872
  pitch: 42.749973
logoutlocation:
  world: SkyWars
  x: 0.5552248231528313
  y: 51.0
  z: -22.708357930336522
  yaw: 188.08809
  pitch: -12.104002
money: '30.0'
