lastAccountName: gototoplop
timestamps:
  login: 1435711122868
  logout: 1435711239421
ipAddress: 186.106.54.9
lastlocation:
  world: juegos
  x: -1395.4185400764914
  y: 30.018814808330944
  z: 4026.3840599087716
  yaw: 178.01599
  pitch: 8.899191
logoutlocation:
  world: spawn
  x: -665.4460980856895
  y: 9.0
  z: -1359.3418376948516
  yaw: -19.874832
  pitch: 2.2019908
money: '30.0'
