lastAccountName: lindaxtaty13
timestamps:
  login: 1434750752556
  logout: 1434750791404
ipAddress: 200.27.61.2
lastlocation:
  world: juegos
  x: -1395.4185400764914
  y: 30.018814808330944
  z: 4026.3840599087716
  yaw: 178.01599
  pitch: 8.899191
logoutlocation:
  world: Factions
  x: -267.6406161286051
  y: 68.0
  z: -214.83041653925835
  yaw: -131.74036
  pitch: 2.8499918
socialspy: false
money: '30.0'
