lastAccountName: Luis3210
timestamps:
  login: 1435610616219
  logout: 1435610679876
ipAddress: 190.130.224.4
lastlocation:
  world: juegos
  x: -1395.4185400764914
  y: 30.018814808330944
  z: 4026.3840599087716
  yaw: 178.01599
  pitch: 8.899191
logoutlocation:
  world: spawn
  x: -612.2648186057843
  y: 28.0
  z: -1394.4476422417108
  yaw: -179.62491
  pitch: 13.602002
money: '30.0'
