lastAccountName: alexdg14_2
timestamps:
  login: 1437165853308
  logout: 1437165864056
ipAddress: 189.174.170.206
lastlocation:
  world: juegos
  x: -1395.4185400764914
  y: 30.018814808330944
  z: 4026.3840599087716
  yaw: 178.01599
  pitch: 8.899191
logoutlocation:
  world: spawn
  x: -613.5
  y: 28.0
  z: -1367.5
  yaw: -181.87491
  pitch: 62.925995
money: '30.0'
