lastAccountName: hola11
timestamps:
  login: 1434142060275
  logout: 1434142072675
  lastteleport: 1433965238651
ipAddress: 181.160.182.170
lastlocation:
  world: survival
  x: -45.05210830723607
  y: 103.0
  z: 28.7006018947416
  yaw: 130.7909
  pitch: 41.550003
logoutlocation:
  world: SkyWars
  x: 1.477575227608437
  y: 51.0
  z: -24.145012112437417
  yaw: -3.5945213
  pitch: 26.944809
socialspy: false
money: '30.0'
