lastAccountName: MaxTrolling35
timestamps:
  login: 1435688874453
  logout: 1435688881003
ipAddress: 190.231.128.241
lastlocation:
  world: juegos
  x: -1395.4185400764914
  y: 30.018814808330944
  z: 4026.3840599087716
  yaw: 178.01599
  pitch: 8.899191
logoutlocation:
  world: juegos
  x: -1387.5
  y: 103.0
  z: 4022.5
  yaw: -1.5
  pitch: 2.2499995
socialspy: false
money: '30.0'
