lastAccountName: jared
timestamps:
  login: 1436830841506
  lastteleport: 1436303133794
  logout: 1436831696219
ipAddress: 177.228.99.129
lastlocation:
  world: survival
  x: -26.91424787780626
  y: 50.001671021709875
  z: 46.08529276118016
  yaw: -155.67337
  pitch: 90.0
logoutlocation:
  world: plotworld
  x: -253.1413690284241
  y: 70.0
  z: 214.88235734675
  yaw: -66.44995
  pitch: 8.700008
socialspy: false
money: '950.0'
