lastAccountName: Darber
timestamps:
  login: 1433602508442
  logout: 1433610899767
ipAddress: 186.145.28.218
lastlocation:
  world: juegos
  x: -1395.4185400764914
  y: 30.018814808330944
  z: 4026.3840599087716
  yaw: 178.01599
  pitch: 8.899191
logoutlocation:
  world: Factions
  x: 88.5
  y: 76.0
  z: -636.5
  yaw: 21.111877
  pitch: 1.9500011
socialspy: false
money: '30.0'
