lastAccountName: jonathan
timestamps:
  login: 1433020504479
  logout: 1433020541900
ipAddress: 201.223.85.248
lastlocation:
  world: juegos
  x: -1395.4185400764914
  y: 30.018814808330944
  z: 4026.3840599087716
  yaw: 178.01599
  pitch: 8.899191
logoutlocation:
  world: juegos
  x: -1386.5
  y: 104.0
  z: 4018.5
  yaw: 0.0
  pitch: 0.0
socialspy: false
money: '30.0'
