lastAccountName: mixel
timestamps:
  login: 1434518666443
  logout: 1434518697544
ipAddress: 190.21.73.73
lastlocation:
  world: juegos
  x: -1395.4185400764914
  y: 30.018814808330944
  z: 4026.3840599087716
  yaw: 178.01599
  pitch: 8.899191
logoutlocation:
  world: juegos
  x: -1391.5
  y: 107.0
  z: 4016.5
  yaw: 0.0
  pitch: 0.0
socialspy: false
money: '30.0'
