lastAccountName: SaskaDcool
timestamps:
  login: 1435255471801
  logout: 1435255487903
ipAddress: 201.223.90.57
lastlocation:
  world: juegos
  x: -1395.4185400764914
  y: 30.018814808330944
  z: 4026.3840599087716
  yaw: 178.01599
  pitch: 8.899191
logoutlocation:
  world: juegos
  x: -1386.5
  y: 51.0
  z: 4032.5
  yaw: -0.45000002
  pitch: 2.1000001
socialspy: false
money: '30.0'
