lastAccountName: jelmerthegamer
timestamps:
  login: 1434754847929
  logout: 1434755142750
ipAddress: 190.217.204.217
lastlocation:
  world: juegos
  x: -1395.4185400764914
  y: 30.018814808330944
  z: 4026.3840599087716
  yaw: 178.01599
  pitch: 8.899191
logoutlocation:
  world: plotworld
  x: 6.747838065156685
  y: 65.0
  z: 263.7551904588971
  yaw: -197.10004
  pitch: 11.850017
money: '30.0'
