lastAccountName: Frosk77
timestamps:
  login: 1433799718616
  logout: 1433799693115
ipAddress: 181.163.234.38
lastlocation:
  world: juegos
  x: -1395.4185400764914
  y: 30.018814808330944
  z: 4026.3840599087716
  yaw: 178.01599
  pitch: 8.899191
logoutlocation:
  world: juegos
  x: -1386.5
  y: 105.0
  z: 4016.5
  yaw: 0.0
  pitch: 0.0
socialspy: false
money: '30.0'
