lastAccountName: CristianM79
timestamps:
  login: 1433631422401
  logout: 1433631487556
ipAddress: 181.160.171.216
lastlocation:
  world: juegos
  x: -1395.4185400764914
  y: 30.018814808330944
  z: 4026.3840599087716
  yaw: 178.01599
  pitch: 8.899191
logoutlocation:
  world: juegos
  x: -1395.529391873686
  y: 28.0
  z: 4009.9068970029007
  yaw: 179.52237
  pitch: -5.2801256
money: '30.0'
