lastAccountName: Rito
timestamps:
  login: 1433809540504
  logout: 1433809551504
ipAddress: 191.112.98.243
lastlocation:
  world: juegos
  x: -1395.4185400764914
  y: 30.018814808330944
  z: 4026.3840599087716
  yaw: 178.01599
  pitch: 8.899191
logoutlocation:
  world: juegos
  x: -1395.2555770969807
  y: 28.0
  z: 4019.630953841132
  yaw: -179.759
  pitch: 11.099588
money: '30.0'
