lastAccountName: HeY
timestamps:
  login: 1434564695470
  lastteleport: 1434564765832
  logout: 1434564788071
ipAddress: 62.73.111.50
lastlocation:
  world: juegos
  x: -1395.6818934450316
  y: 28.0
  z: 3981.7553003139897
  yaw: -175.64995
  pitch: -6.1500034
logoutlocation:
  world: Factions
  x: -278.6893317098538
  y: 79.0
  z: -302.51439210672106
  yaw: 90.4092
  pitch: 15.149995
money: '30.0'
