lastAccountName: tito159
timestamps:
  login: 1432495659199
  lastteleport: 1432496120547
  logout: 1432496190743
ipAddress: 201.240.41.233
lastlocation:
  world: juegos
  x: -1407.9446145351583
  y: 6.0
  z: 3907.863919520416
  yaw: 50.64121
  pitch: -5.550348
logoutlocation:
  world: Factions
  x: -284.8614350029084
  y: 79.0
  z: -302.4468375246506
  yaw: 84.10919
  pitch: 28.5
money: '30.0'
