lastAccountName: RenooxxGamer
timestamps:
  login: 1437607889398
  lastteleport: 1437595624488
  logout: 1437607941655
ipAddress: 187.240.22.223
lastlocation:
  world: plotworld
  x: 205.03141017399054
  y: 65.0
  z: -282.61531758608754
  yaw: 252.01839
  pitch: 40.200047
logoutlocation:
  world: survival
  x: 4.6999999880790675
  y: 121.0
  z: 46.103347866511655
  yaw: 350.1272
  pitch: 35.39998
socialspy: false
money: '0.0'
