lastAccountName: SASUKE
timestamps:
  login: 1434075236181
  logout: 1434075275330
ipAddress: 190.114.57.101
lastlocation:
  world: juegos
  x: -1395.4185400764914
  y: 30.018814808330944
  z: 4026.3840599087716
  yaw: 178.01599
  pitch: 8.899191
logoutlocation:
  world: juegos
  x: -1398.5
  y: 102.0
  z: 4026.5
  yaw: -4.7999997
  pitch: 0.75000006
socialspy: false
money: '30.0'
