lastAccountName: Wormy
timestamps:
  login: 1433970070106
  logout: 1433970079661
ipAddress: 179.4.213.230
lastlocation:
  world: juegos
  x: -1395.4185400764914
  y: 30.018814808330944
  z: 4026.3840599087716
  yaw: 178.01599
  pitch: 8.899191
logoutlocation:
  world: juegos
  x: -1395.5
  y: 29.0
  z: 4026.5
  yaw: -180.95901
  pitch: 32.699585
money: '30.0'
