lastAccountName: markhall1999
timestamps:
  login: 1433198034747
  logout: 1433198036650
ipAddress: 197.231.221.211
lastlocation:
  world: juegos
  x: -1395.4185400764914
  y: 30.018814808330944
  z: 4026.3840599087716
  yaw: 178.01599
  pitch: 8.899191
logoutlocation:
  world: juegos
  x: -1399.5
  y: 103.0
  z: 4025.5
  yaw: 0.0
  pitch: 0.0
socialspy: false
money: '30.0'
