lastAccountName: 0sM3r
timestamps:
  login: 1434914667936
  logout: 1434914705894
ipAddress: 190.204.29.246
lastlocation:
  world: juegos
  x: -1395.4185400764914
  y: 30.018814808330944
  z: 4026.3840599087716
  yaw: 178.01599
  pitch: 8.899191
logoutlocation:
  world: juegos
  x: -1401.5
  y: 100.0
  z: 4026.5
  yaw: 0.0
  pitch: 0.0
socialspy: false
money: '30.0'
