lastAccountName: roffer
timestamps:
  login: 1437252087868
  lastteleport: 1437252200063
  logout: 1437252211120
ipAddress: 181.113.167.117
lastlocation:
  world: survival
  x: -17.565897331392495
  y: 111.0
  z: 54.12537265026658
  yaw: -228.59421
  pitch: 50.64045
logoutlocation:
  world: juegos
  x: -1114.0638491367265
  y: 54.0
  z: 2764.818297485297
  yaw: -284.2275
  pitch: -24.345152
money: '30.0'
