lastAccountName: MamonManGamer777
timestamps:
  login: 1434682619347
  lastteleport: 1434682661008
  logout: 1434682699609
ipAddress: 190.22.12.65
lastlocation:
  world: juegos
  x: -1392.9049542709781
  y: 28.0
  z: 4008.3162815023293
  yaw: 216.3001
  pitch: -1.650001
logoutlocation:
  world: survival
  x: -14.699999988079071
  y: 102.0
  z: 53.587524109592486
  yaw: 85.340454
  pitch: 37.499992
money: '30.0'
