lastAccountName: pene
timestamps:
  login: 1432861576746
  lastteleport: 1432868180915
  logout: 1432871446814
ipAddress: 186.37.202.79
lastlocation:
  world: juegos
  x: -1395.4931749049574
  y: 28.0
  z: 4026.309669218317
  yaw: 177.54102
  pitch: 31.199587
logoutlocation:
  world: juegos
  x: -1395.4905874406686
  y: 28.0
  z: 4025.4922720608556
  yaw: 180.84099
  pitch: 31.799587
money: '30.0'
