lastAccountName: pandanoel
timestamps:
  login: 1435266478435
  logout: 1435266481904
ipAddress: 181.51.219.203
lastlocation:
  world: juegos
  x: -1395.4185400764914
  y: 30.018814808330944
  z: 4026.3840599087716
  yaw: 178.01599
  pitch: 8.899191
logoutlocation:
  world: juegos
  x: -1395.5
  y: 29.0
  z: 4026.5
  yaw: 0.0
  pitch: 0.0
money: '30.0'
