lastAccountName: hamahamahomohumu
timestamps:
  login: 1435195721543
  logout: 1435195810195
ipAddress: 190.162.10.242
lastlocation:
  world: juegos
  x: -1395.4185400764914
  y: 30.018814808330944
  z: 4026.3840599087716
  yaw: 178.01599
  pitch: 8.899191
logoutlocation:
  world: plotworld
  x: -268.69999998807907
  y: 63.0
  z: -213.6793283637486
  yaw: 43.804996
  pitch: 71.69996
socialspy: false
money: '29.0'
