lastAccountName: martindd
timestamps:
  login: 1433460189849
  logout: 1433460338006
ipAddress: 179.57.202.56
lastlocation:
  world: juegos
  x: -1395.4185400764914
  y: 30.018814808330944
  z: 4026.3840599087716
  yaw: 178.01599
  pitch: 8.899191
logoutlocation:
  world: juegos
  x: -1333.4413095805091
  y: 28.0
  z: 3981.1219420522725
  yaw: -136.25906
  pitch: 53.39959
money: '30.0'
