lastAccountName: dorito
timestamps:
  login: 1432433176578
  logout: 1432433204645
ipAddress: 190.164.102.7
lastlocation:
  world: juegos
  x: -1395.4185400764914
  y: 30.018814808330944
  z: 4026.3840599087716
  yaw: 178.01599
  pitch: 8.899191
logoutlocation:
  world: juegos
  x: -1395.5
  y: 56.0
  z: 4031.5
  yaw: 0.0
  pitch: 0.0
socialspy: false
money: '30.0'
