lastAccountName: matyilololo
timestamps:
  login: 1433025595222
  logout: 1433025684345
ipAddress: 201.239.15.116
lastlocation:
  world: juegos
  x: -1395.4185400764914
  y: 30.018814808330944
  z: 4026.3840599087716
  yaw: 178.01599
  pitch: 8.899191
logoutlocation:
  world: juegos
  x: -1394.1142251768933
  y: 28.0
  z: 3948.887167922926
  yaw: 177.39116
  pitch: 9.299592
money: '30.0'
