lastAccountName: jereny
timestamps:
  login: 1434068303839
  logout: 1434068342053
ipAddress: 181.160.112.240
lastlocation:
  world: juegos
  x: -1395.4185400764914
  y: 30.018814808330944
  z: 4026.3840599087716
  yaw: 178.01599
  pitch: 8.899191
logoutlocation:
  world: juegos
  x: -1394.5
  y: 101.0
  z: 4027.5
  yaw: 0.0
  pitch: 0.0
socialspy: false
money: '30.0'
