lastAccountName: I_amANTHONYCRAFT
timestamps:
  login: 1437462410587
  logout: 1437462530924
ipAddress: 187.152.161.187
lastlocation:
  world: juegos
  x: -1395.4185400764914
  y: 30.018814808330944
  z: 4026.3840599087716
  yaw: 178.01599
  pitch: 8.899191
logoutlocation:
  world: plotworld
  x: 251.40377302344407
  y: 65.0
  z: 279.81903671030074
  yaw: -178.79991
  pitch: -2.7000017
socialspy: false
money: '30.0'
