lastAccountName: rubiox
timestamps:
  login: 1434162423925
  logout: 1434162699446
ipAddress: 186.67.206.126
lastlocation:
  world: juegos
  x: -1395.4185400764914
  y: 30.018814808330944
  z: 4026.3840599087716
  yaw: 178.01599
  pitch: 8.899191
logoutlocation:
  world: spawn
  x: -655.5873022520228
  y: 6.416475831973389
  z: -1434.3093649321236
  yaw: 93.048676
  pitch: 14.400012
money: '30.0'
