lastAccountName: strillerxxx
timestamps:
  login: 1434759572295
  lastteleport: 1434760097932
  logout: 1434760214200
ipAddress: 164.77.43.219
lastlocation:
  world: juegos
  x: -1396.0
  y: 29.0
  z: 4026.0
  yaw: 4.169414
  pitch: -1.0972142
logoutlocation:
  world: survival
  x: 97.02908994054181
  y: 63.0
  z: 292.45111195580614
  yaw: 69.994385
  pitch: 74.171684
money: '30.0'
