lastAccountName: macoxs
timestamps:
  login: 1434587438173
  logout: 1434587473424
ipAddress: 200.86.74.173
lastlocation:
  world: juegos
  x: -1395.4185400764914
  y: 30.018814808330944
  z: 4026.3840599087716
  yaw: 178.01599
  pitch: 8.899191
logoutlocation:
  world: juegos
  x: -1395.5
  y: 29.0
  z: 4026.5
  yaw: 0.14999996
  pitch: 0.14999999
money: '30.0'
