lastAccountName: itachi36
timestamps:
  login: 1432953725086
  logout: 1432953938527
ipAddress: 190.42.16.199
lastlocation:
  world: juegos
  x: -1395.4185400764914
  y: 30.018814808330944
  z: 4026.3840599087716
  yaw: 178.01599
  pitch: 8.899191
logoutlocation:
  world: Factions
  x: -370.7373498330186
  y: 68.0
  z: -257.99351196065487
  yaw: 346.00867
  pitch: -9.299988
money: '30.0'
