lastAccountName: PonchisLR_xv
timestamps:
  login: 1431832850886
  logout: 1431834333924
  lastteleport: 1431832910597
ipAddress: 189.234.56.19
lastlocation:
  world: juegos
  x: -951.6297833116477
  y: 127.5
  z: -527.8886784187364
  yaw: -0.8211367
  pitch: 32.665062
logoutlocation:
  world: SkyWars
  x: 0.5
  y: 51.0
  z: 0.5
  yaw: 1.0128444
  pitch: 15.043196
socialspy: false
money: '145.0'
