lastAccountName: dylangamer123765
timestamps:
  login: 1435109635960
  logout: 1435109684888
ipAddress: 190.26.72.138
lastlocation:
  world: juegos
  x: -1395.4185400764914
  y: 30.018814808330944
  z: 4026.3840599087716
  yaw: 178.01599
  pitch: 8.899191
logoutlocation:
  world: world
  x: -79.5
  y: 72.0
  z: 275.5
  yaw: 0.0
  pitch: 0.0
money: '30.0'
