lastAccountName: sisak20
timestamps:
  login: 1432326412295
  logout: 1432326431595
ipAddress: 201.214.94.112
lastlocation:
  world: juegos
  x: -1395.4185400764914
  y: 30.018814808330944
  z: 4026.3840599087716
  yaw: 178.01599
  pitch: 8.899191
logoutlocation:
  world: juegos
  x: -1402.5
  y: 103.0
  z: 4023.5
  yaw: 0.0
  pitch: 0.0
socialspy: false
money: '30.0'
