lastAccountName: Quewee
timestamps:
  login: 1434757875619
  logout: 1434757880768
ipAddress: 201.186.244.31
lastlocation:
  world: juegos
  x: -1395.4185400764914
  y: 30.018814808330944
  z: 4026.3840599087716
  yaw: 178.01599
  pitch: 8.899191
logoutlocation:
  world: juegos
  x: -1395.5
  y: 28.0
  z: 4026.5
  yaw: -179.759
  pitch: 32.849586
socialspy: false
money: '30.0'
