lastAccountName: joan
timestamps:
  login: 1433643181357
  logout: 1433643348289
ipAddress: 186.178.71.12
lastlocation:
  world: juegos
  x: -1395.4185400764914
  y: 30.018814808330944
  z: 4026.3840599087716
  yaw: 178.01599
  pitch: 8.899191
logoutlocation:
  world: juegos
  x: -1458.088265296354
  y: 6.0
  z: 3979.6610039021703
  yaw: 29.491068
  pitch: 7.950002
socialspy: false
money: '30.0'
