lastAccountName: MRsteveJR534
timestamps:
  login: 1434824004303
  lastteleport: 1434824212189
  logout: 1434824311552
ipAddress: 190.234.123.171
lastlocation:
  world: juegos
  x: -1395.7328090221856
  y: 28.535840625044557
  z: 3980.6763899508155
  yaw: 185.41534
  pitch: 27.045698
logoutlocation:
  world: Factions
  x: -229.91462501973862
  y: 72.0
  z: -303.56471638020616
  yaw: 275.99646
  pitch: 26.209188
money: '30.0'
