lastAccountName: Mine_x_Chief
timestamps:
  login: 1433197862572
  logout: 1433197871453
ipAddress: 94.242.246.24
lastlocation:
  world: juegos
  x: -1395.4185400764914
  y: 30.018814808330944
  z: 4026.3840599087716
  yaw: 178.01599
  pitch: 8.899191
logoutlocation:
  world: juegos
  x: -1390.5
  y: 88.0
  z: 4028.5
  yaw: 0.0
  pitch: 0.0
money: '30.0'
