lastAccountName: Flans
timestamps:
  login: 1433455208219
  logout: 1433455417814
ipAddress: 190.217.142.190
lastlocation:
  world: juegos
  x: -1395.4185400764914
  y: 30.018814808330944
  z: 4026.3840599087716
  yaw: 178.01599
  pitch: 8.899191
logoutlocation:
  world: juegos
  x: -1402.7043105110142
  y: 28.0
  z: 4019.0018036258407
  yaw: 130.44131
  pitch: 43.34958
money: '30.0'
