lastAccountName: _rikku_
timestamps:
  login: 1432418010205
  logout: 1432418217508
ipAddress: 190.100.9.172
lastlocation:
  world: juegos
  x: -1395.4185400764914
  y: 30.018814808330944
  z: 4026.3840599087716
  yaw: 178.01599
  pitch: 8.899191
logoutlocation:
  world: Factions
  x: -273.80903609590575
  y: 79.0
  z: -291.30952458800925
  yaw: -1.5407908
  pitch: 16.65
socialspy: false
money: '30.0'
