lastAccountName: clsalkingamer
timestamps:
  login: 1435023970989
  logout: 1435024015519
ipAddress: 190.101.19.135
lastlocation:
  world: juegos
  x: -1395.4185400764914
  y: 30.018814808330944
  z: 4026.3840599087716
  yaw: 178.01599
  pitch: 8.899191
logoutlocation:
  world: juegos
  x: -1389.2303444330369
  y: 40.0
  z: 3966.546353289648
  yaw: -83.51106
  pitch: 4.3822594
money: '30.0'
