lastAccountName: Mao2
timestamps:
  login: 1434344844138
  logout: 1434344867889
ipAddress: 190.215.205.160
lastlocation:
  world: juegos
  x: -1395.4185400764914
  y: 30.018814808330944
  z: 4026.3840599087716
  yaw: 178.01599
  pitch: 8.899191
logoutlocation:
  world: spawn
  x: -613.5
  y: 28.0
  z: -1367.5
  yaw: 184.54874
  pitch: 11.100005
money: '30.0'
