lastAccountName: Smacf_YT
timestamps:
  login: 1432444611018
  lastteleport: 1432444641157
  logout: 1432445648390
ipAddress: 181.128.84.126
lastlocation:
  world: juegos
  x: -1395.4372885738567
  y: 28.0
  z: 4022.5494401649285
  yaw: -164.75899
  pitch: -46.05041
logoutlocation:
  world: SkyWars
  x: 2.6896897763930827
  y: 49.5
  z: -16.05035291588073
  yaw: 153.1321
  pitch: 15.519612
money: '55.0'
