lastAccountName: emilio12e3
timestamps:
  login: 1433986744644
  logout: 1433986784214
ipAddress: 190.110.168.28
lastlocation:
  world: juegos
  x: -1395.4185400764914
  y: 30.018814808330944
  z: 4026.3840599087716
  yaw: 178.01599
  pitch: 8.899191
logoutlocation:
  world: juegos
  x: -1404.5
  y: 52.0
  z: 4028.5
  yaw: 0.0
  pitch: 0.0
socialspy: false
money: '30.0'
