lastAccountName: matiaslolxd
timestamps:
  login: 1433110506637
  logout: 1433110531239
ipAddress: 201.220.243.3
lastlocation:
  world: juegos
  x: -1395.4185400764914
  y: 30.018814808330944
  z: 4026.3840599087716
  yaw: 178.01599
  pitch: 8.899191
logoutlocation:
  world: juegos
  x: -1363.4119694704755
  y: 28.0
  z: 4000.373578145087
  yaw: -13.709029
  pitch: 13.799592
socialspy: false
money: '30.0'
