lastAccountName: zonek
timestamps:
  login: 1435005131666
  logout: 1435005480057
ipAddress: 186.106.15.31
lastlocation:
  world: juegos
  x: -1395.4185400764914
  y: 30.018814808330944
  z: 4026.3840599087716
  yaw: 178.01599
  pitch: 8.899191
logoutlocation:
  world: juegos
  x: -1439.699999988079
  y: 6.0
  z: 3953.699999988079
  yaw: 5.4018555
  pitch: 58.350025
money: '30.0'
