lastAccountName: dioset33
timestamps:
  login: 1433872565605
  logout: 1433872735228
ipAddress: 181.1.187.232
lastlocation:
  world: juegos
  x: -1395.4185400764914
  y: 30.018814808330944
  z: 4026.3840599087716
  yaw: 178.01599
  pitch: 8.899191
logoutlocation:
  world: juegos
  x: -1461.3992382209622
  y: 12.0
  z: 3907.9603810764893
  yaw: 287.1906
  pitch: 14.999682
money: '30.0'
