lastAccountName: candylane10
timestamps:
  login: 1434590722900
  logout: 1434590861677
ipAddress: 181.163.99.126
lastlocation:
  world: juegos
  x: -1395.4185400764914
  y: 30.018814808330944
  z: 4026.3840599087716
  yaw: 178.01599
  pitch: 8.899191
logoutlocation:
  world: juegos
  x: -1397.526532743091
  y: 43.0
  z: 3965.9907786124613
  yaw: 56.149796
  pitch: 35.22823
money: '30.0'
