lastAccountName: HolyFencio
timestamps:
  login: 1433711949712
  logout: 1433711989084
ipAddress: 186.78.138.18
lastlocation:
  world: juegos
  x: -1395.4185400764914
  y: 30.018814808330944
  z: 4026.3840599087716
  yaw: 178.01599
  pitch: 8.899191
logoutlocation:
  world: juegos
  x: -1392.5
  y: 55.0
  z: 4033.5
  yaw: 1.65
  pitch: 7.8
socialspy: false
money: '30.0'
