lastAccountName: Maikelll
timestamps:
  login: 1434113604094
  logout: 1434113643598
ipAddress: 186.67.170.98
lastlocation:
  world: juegos
  x: -1395.4185400764914
  y: 30.018814808330944
  z: 4026.3840599087716
  yaw: 178.01599
  pitch: 8.899191
logoutlocation:
  world: juegos
  x: -1390.5
  y: 106.0
  z: 4021.5
  yaw: 0.0
  pitch: 0.0
socialspy: false
money: '30.0'
