lastAccountName: nico
timestamps:
  login: 1433804322939
  logout: 1433804360949
ipAddress: 181.163.120.98
lastlocation:
  world: juegos
  x: -1395.4185400764914
  y: 30.018814808330944
  z: 4026.3840599087716
  yaw: 178.01599
  pitch: 8.899191
logoutlocation:
  world: juegos
  x: -1388.5
  y: 104.0
  z: 4022.5
  yaw: 0.0
  pitch: 0.0
money: '30.0'
