lastAccountName: Randy654
timestamps:
  login: 1436229102514
  lastteleport: 1435452689006
  logout: 1436229266119
ipAddress: 200.55.47.56
lastlocation:
  world: survival
  x: -17.986580112837895
  y: 42.86399116300084
  z: 72.05608268237326
  yaw: 266.42636
  pitch: -24.599995
logoutlocation:
  world: juegos
  x: -1124.863223278125
  y: 54.0
  z: 2765.0574597902896
  yaw: 90.25726
  pitch: 20.999983
socialspy: false
money: '30.0'
