lastAccountName: panxulitoxh
timestamps:
  login: 1433304836291
  lastteleport: 1433305499240
  logout: 1433305690151
ipAddress: 190.208.170.56
lastlocation:
  world: survival
  x: 170.56906870608168
  y: 71.0
  z: -0.3084134656482936
  yaw: 276.83063
  pitch: 20.996439
logoutlocation:
  world: plotworld
  x: -81.32242986830579
  y: 65.0
  z: 104.40417864168452
  yaw: -8.700134
  pitch: 5.999979
money: '30.0'
