lastAccountName: Savixz
timestamps:
  login: 1434664811438
  lastteleport: 1434665193617
  logout: 1434666023538
ipAddress: 190.21.80.231
lastlocation:
  world: survival_nether
  x: 135.46336906470498
  y: 39.0
  z: -19.94794597594924
  yaw: 328.57666
  pitch: 18.434036
socialspy: false
logoutlocation:
  world: plotworld
  x: 211.22899552149232
  y: 65.0
  z: 171.32969677173307
  yaw: 193.02753
  pitch: 15.395333
money: '50.0'
homes:
  home:
    world: survival_nether
    x: 97.70546803962587
    y: 69.0
    z: -134.85641133089956
    yaw: -164.77362
    pitch: 33.449917
