lastAccountName: ElRanchero
timestamps:
  login: 1435801250332
  logout: 1435801295331
ipAddress: 190.108.57.2
lastlocation:
  world: juegos
  x: -1395.4185400764914
  y: 30.018814808330944
  z: 4026.3840599087716
  yaw: 178.01599
  pitch: 8.899191
logoutlocation:
  world: spawn
  x: -613.5
  y: 28.0
  z: -1367.5
  yaw: -152.92497
  pitch: -37.54801
money: '30.0'
