lastAccountName: frish
timestamps:
  login: 1433882176669
  logout: 1433882196169
ipAddress: 190.42.108.56
lastlocation:
  world: juegos
  x: -1395.4185400764914
  y: 30.018814808330944
  z: 4026.3840599087716
  yaw: 178.01599
  pitch: 8.899191
logoutlocation:
  world: juegos
  x: -1393.5
  y: 107.0
  z: 4020.5
  yaw: 2.1
  pitch: -2.85
socialspy: false
money: '30.0'
