lastAccountName: tnt
timestamps:
  login: 1433705946970
  logout: 1433705984578
ipAddress: 200.87.40.17
lastlocation:
  world: juegos
  x: -1395.4185400764914
  y: 30.018814808330944
  z: 4026.3840599087716
  yaw: 178.01599
  pitch: 8.899191
logoutlocation:
  world: juegos
  x: -1393.5
  y: 103.0
  z: 4025.5
  yaw: 0.0
  pitch: 0.0
money: '30.0'
