lastAccountName: Zarcortplay
timestamps:
  login: 1434238226220
  logout: 1434238265615
ipAddress: 179.7.71.10
lastlocation:
  world: juegos
  x: -1395.4185400764914
  y: 30.018814808330944
  z: 4026.3840599087716
  yaw: 178.01599
  pitch: 8.899191
logoutlocation:
  world: spawn
  x: -588.0493018174288
  y: 28.0
  z: -1402.8196849103597
  yaw: 71.7486
  pitch: 9.1500025
money: '30.0'
