lastAccountName: mdp1701
timestamps:
  login: 1433971144321
  logout: 1433971190259
ipAddress: 190.101.82.45
lastlocation:
  world: juegos
  x: -1395.4185400764914
  y: 30.018814808330944
  z: 4026.3840599087716
  yaw: 178.01599
  pitch: 8.899191
logoutlocation:
  world: juegos
  x: -1395.3039302524676
  y: 28.0
  z: 3985.8444854712643
  yaw: -181.709
  pitch: 3.5995882
money: '30.0'
