lastAccountName: gokun135
timestamps:
  login: 1435677661161
  logout: 1435677947913
ipAddress: 186.94.30.74
lastlocation:
  world: juegos
  x: -1395.4185400764914
  y: 30.018814808330944
  z: 4026.3840599087716
  yaw: 178.01599
  pitch: 8.899191
socialspy: false
logoutlocation:
  world: spawn
  x: -713.0403860605305
  y: 10.0
  z: -1443.7649707572095
  yaw: 182.47552
  pitch: 2.3520176
money: '30.0'
