lastAccountName: agus1029
timestamps:
  login: 1434922412033
  logout: 1434922424443
ipAddress: 191.112.53.234
lastlocation:
  world: juegos
  x: -1395.4185400764914
  y: 30.018814808330944
  z: 4026.3840599087716
  yaw: 178.01599
  pitch: 8.899191
logoutlocation:
  world: juegos
  x: -1394.7129844128394
  y: 28.0
  z: 3991.761130466605
  yaw: -176.90901
  pitch: -3.6004186
socialspy: false
money: '30.0'
