lastAccountName: Diegox7
timestamps:
  login: 1434162023699
  logout: 1434162116851
ipAddress: 200.112.248.106
lastlocation:
  world: juegos
  x: -1395.4185400764914
  y: 30.018814808330944
  z: 4026.3840599087716
  yaw: 178.01599
  pitch: 8.899191
logoutlocation:
  world: spawn
  x: -617.7412597103928
  y: 28.0
  z: -1396.946685036755
  yaw: 200.89877
  pitch: -8.09999
money: '30.0'
