lastAccountName: dan00005
timestamps:
  login: 1433089508032
  logout: 1433089599323
ipAddress: 201.132.36.71
lastlocation:
  world: juegos
  x: -1395.4185400764914
  y: 30.018814808330944
  z: 4026.3840599087716
  yaw: 178.01599
  pitch: 8.899191
logoutlocation:
  world: Factions
  x: -267.030904382108
  y: 79.0
  z: -313.1290293158729
  yaw: 171.40921
  pitch: 2.699997
money: '30.0'
