lastAccountName: merryjanepashili
timestamps:
  login: 1433103136326
  logout: 1433103141481
ipAddress: 190.164.43.162
lastlocation:
  world: juegos
  x: -1395.4185400764914
  y: 30.018814808330944
  z: 4026.3840599087716
  yaw: 178.01599
  pitch: 8.899191
logoutlocation:
  world: juegos
  x: -1395.5
  y: 28.0
  z: 4026.5
  yaw: -183.35901
  pitch: 35.999588
money: '30.0'
