lastAccountName: bryan245
timestamps:
  login: 1433284934596
  logout: 1433285149950
ipAddress: 181.163.95.247
lastlocation:
  world: juegos
  x: -1395.4185400764914
  y: 30.018814808330944
  z: 4026.3840599087716
  yaw: 178.01599
  pitch: 8.899191
logoutlocation:
  world: juegos
  x: -1389.0612568729782
  y: 89.0
  z: 4018.1418918947725
  yaw: -312.74805
  pitch: 4.349959
socialspy: false
money: '30.0'
