lastAccountName: mai33
timestamps:
  login: 1434108503523
  logout: 1434108630975
ipAddress: 186.67.170.98
lastlocation:
  world: juegos
  x: -1395.4185400764914
  y: 30.018814808330944
  z: 4026.3840599087716
  yaw: 178.01599
  pitch: 8.899191
logoutlocation:
  world: spawn
  x: -617.2415595683834
  y: 28.0
  z: -1415.7701230446462
  yaw: 256.39838
  pitch: 2.9999995
money: '30.0'
