lastAccountName: vicucas
timestamps:
  login: 1434152188909
  logout: 1434152380605
ipAddress: 190.163.38.205
lastlocation:
  world: juegos
  x: -1395.4185400764914
  y: 30.018814808330944
  z: 4026.3840599087716
  yaw: 178.01599
  pitch: 8.899191
logoutlocation:
  world: spawn
  x: -691.2123772057305
  y: 10.0
  z: -1383.6274752746233
  yaw: 161.1488
  pitch: 1.0499955
money: '30.0'
