lastAccountName: Marty1002XS
timestamps:
  login: 1435623248198
  logout: 1435623345106
ipAddress: 190.234.105.243
lastlocation:
  world: juegos
  x: -1395.4185400764914
  y: 30.018814808330944
  z: 4026.3840599087716
  yaw: 178.01599
  pitch: 8.899191
logoutlocation:
  world: spawn
  x: -615.9522764125483
  y: 28.5
  z: -1422.6010593184842
  yaw: 13.1253195
  pitch: -7.3980117
money: '30.0'
