lastAccountName: iCowMC_PvP
timestamps:
  login: 1435629611411
  logout: 1435631116035
ipAddress: 186.138.157.48
lastlocation:
  world: juegos
  x: -1395.4185400764914
  y: 30.018814808330944
  z: 4026.3840599087716
  yaw: 178.01599
  pitch: 8.899191
logoutlocation:
  world: spawn
  x: -612.7498154012909
  y: 28.0
  z: -1382.4412829078624
  yaw: 172.40732
  pitch: 2.8486462
money: '30.0'
