lastAccountName: Itz_iKoala011_
timestamps:
  login: 1435266416738
  lastteleport: 1435266442957
  logout: 1435267249803
ipAddress: 88.6.6.64
lastlocation:
  world: juegos
  x: -1376.5957145893492
  y: 28.0
  z: 3991.8689751150578
  yaw: -92.357086
  pitch: 7.9253564
logoutlocation:
  world: spawn
  x: -619.945718907809
  y: 48.5
  z: -2432.1569120435897
  yaw: -176.9891
  pitch: 10.687654
money: '55.0'
