lastAccountName: gokusjjdios
timestamps:
  login: 1434918377564
  lastteleport: 1434920357437
  logout: 1434920376938
ipAddress: 201.222.226.85
lastlocation:
  world: juegos
  x: -1396.056630431873
  y: 28.0
  z: 4015.0997414292037
  yaw: 188.70006
  pitch: 35.1
logoutlocation:
  world: juegos
  x: -1399.002430743902
  y: 28.0
  z: 4017.8369566615975
  yaw: 146.10002
  pitch: 20.099998
socialspy: false
money: '30.0'
