lastAccountName: Chabolo166
timestamps:
  login: 1433716885480
  logout: 1433716924944
ipAddress: 186.105.75.243
lastlocation:
  world: juegos
  x: -1395.4185400764914
  y: 30.018814808330944
  z: 4026.3840599087716
  yaw: 178.01599
  pitch: 8.899191
logoutlocation:
  world: juegos
  x: -1393.5
  y: 104.0
  z: 4024.5
  yaw: 0.0
  pitch: 0.0
socialspy: false
money: '30.0'
