lastAccountName: Lefinix_YT
timestamps:
  login: 1432444543440
  logout: 1432445753554
  lastteleport: 1432444568402
ipAddress: 190.234.106.197
lastlocation:
  world: juegos
  x: -1391.1174888779137
  y: 28.5
  z: 3958.761260288999
  yaw: -314.338
  pitch: 6.811075
logoutlocation:
  world: SkyWars
  x: 0.38095108460014904
  y: 51.371710722973894
  z: 0.37514272371145285
  yaw: 181.03206
  pitch: 3.3696117
socialspy: false
money: '75.0'
