lastAccountName: Nico454
timestamps:
  login: 1435379005216
  logout: 1435379135279
ipAddress: 186.106.138.211
lastlocation:
  world: juegos
  x: -1395.4185400764914
  y: 30.018814808330944
  z: 4026.3840599087716
  yaw: 178.01599
  pitch: 8.899191
logoutlocation:
  world: juegos
  x: -1309.0793290980077
  y: 14.0
  z: 4002.7426249388946
  yaw: -117.45
  pitch: -4.200005
money: '30.0'
