lastAccountName: tinchoalex
timestamps:
  login: 1435532125737
  lastteleport: 1435532412433
  logout: 1435532419883
ipAddress: 179.60.12.217
lastlocation:
  world: spawn
  x: 535.3000000119209
  y: 39.0
  z: -1067.8671099839773
  yaw: -80.51214
  pitch: 6.9427147
logoutlocation:
  world: survival
  x: -8.607721555355077
  y: 116.5
  z: 4.177254903352141
  yaw: 4.9252424
  pitch: 84.18518
money: '30.0'
