lastAccountName: NathaliaGamer_
timestamps:
  login: 1433531423646
  lastteleport: 1433531491078
  logout: 1433531549779
ipAddress: 179.57.185.84
lastlocation:
  world: juegos
  x: -1395.3336550207043
  y: 28.0
  z: 3982.1190156269304
  yaw: -182.60905
  pitch: -1.5004219
logoutlocation:
  world: Factions
  x: -211.25881991031275
  y: 69.0
  z: -248.86643144817947
  yaw: 172.90945
  pitch: 36.899963
money: '30.0'
