lastAccountName: 3dr3
timestamps:
  login: 1432679937769
  logout: 1432679970320
ipAddress: 201.215.241.57
lastlocation:
  world: juegos
  x: -1395.4185400764914
  y: 30.018814808330944
  z: 4026.3840599087716
  yaw: 178.01599
  pitch: 8.899191
logoutlocation:
  world: juegos
  x: -1395.5827190615819
  y: 28.0
  z: 4006.366144096139
  yaw: -180.959
  pitch: 38.849586
money: '30.0'
