lastAccountName: german558
timestamps:
  login: 1434597951881
  logout: 1434597991529
ipAddress: 181.165.5.159
lastlocation:
  world: juegos
  x: -1395.4185400764914
  y: 30.018814808330944
  z: 4026.3840599087716
  yaw: 178.01599
  pitch: 8.899191
logoutlocation:
  world: juegos
  x: -1387.5
  y: 52.0
  z: 4033.5
  yaw: 0.0
  pitch: 0.0
socialspy: false
money: '30.0'
