lastAccountName: joakinortiz
timestamps:
  login: 1433465577835
  lastteleport: 1433466165830
  logout: 1433466193313
ipAddress: 190.100.116.41
lastlocation:
  world: survival
  x: -19.69999998807907
  y: 102.0
  z: 62.49900251115637
  yaw: 265.0409
  pitch: 32.400005
logoutlocation:
  world: juegos
  x: -1395.5
  y: 28.0
  z: 4026.5
  yaw: 180.691
  pitch: 31.949587
money: '30.0'
