lastAccountName: _Tapion_
timestamps:
  login: 1434247898272
  logout: 1434247917774
ipAddress: 181.226.87.132
lastlocation:
  world: juegos
  x: -1395.4185400764914
  y: 30.018814808330944
  z: 4026.3840599087716
  yaw: 178.01599
  pitch: 8.899191
logoutlocation:
  world: spawn
  x: -630.5367288040853
  y: 28.0
  z: -1416.7670049623855
  yaw: 191.28879
  pitch: 2.5499976
socialspy: false
money: '30.0'
