lastAccountName: sarinha_3
timestamps:
  login: 1434042909758
  lastteleport: 1434042944430
  logout: 1434042955597
ipAddress: 201.187.200.194
lastlocation:
  world: juegos
  x: -1395.5641365340662
  y: 28.0
  z: 3983.052432222659
  yaw: -178.85901
  pitch: -0.15041317
logoutlocation:
  world: Factions
  x: -291.092202801102
  y: 79.0
  z: -304.75211975926305
  yaw: 86.359215
  pitch: 38.399986
money: '30.0'
