lastAccountName: gabo
timestamps:
  login: 1432432503972
  lastteleport: 1432432943843
ipAddress: 179.9.225.86
lastlocation:
  world: juegos
  x: -1395.3090557464532
  y: 13.0
  z: 3898.550988559497
  yaw: -60.197998
  pitch: 4.748331
money: '30.0'
