lastAccountName: Carmine12
timestamps:
  login: 1434747471948
  logout: 1434747543348
ipAddress: 186.150.59.169
lastlocation:
  world: juegos
  x: -1395.4185400764914
  y: 30.018814808330944
  z: 4026.3840599087716
  yaw: 178.01599
  pitch: 8.899191
logoutlocation:
  world: Factions
  x: -270.2911297969099
  y: 79.0
  z: -297.5413006389191
  yaw: 3.2591984
  pitch: 89.4
money: '30.0'
