lastAccountName: Haisom
timestamps:
  login: 1434582246285
  lastteleport: 1434582269188
  logout: 1434582302788
ipAddress: 177.239.85.212
lastlocation:
  world: juegos
  x: -1393.0867724569084
  y: 28.0
  z: 4007.983719252434
  yaw: 221.84999
  pitch: 8.849998
logoutlocation:
  world: survival
  x: -8.94736602072736
  y: 112.0
  z: 52.362638632746
  yaw: 265.2035
  pitch: 28.501423
money: '30.0'
