lastAccountName: Alegamer85
timestamps:
  login: 1436366673345
  lastteleport: 1436366779507
  logout: 1436366826031
ipAddress: 190.31.209.226
lastlocation:
  world: survival
  x: -10.956363790886215
  y: 115.0
  z: 80.90075436467096
  yaw: 13.226685
  pitch: 28.966633
logoutlocation:
  world: juegos
  x: -1447.25216338032
  y: 28.0
  z: -669.6163704736998
  yaw: 0.6002197
  pitch: 18.900015
money: '30.0'
