lastAccountName: WaterFlame
timestamps:
  login: 1433895211462
  logout: 1433895236561
ipAddress: 179.56.87.8
lastlocation:
  world: juegos
  x: -1395.4185400764914
  y: 30.018814808330944
  z: 4026.3840599087716
  yaw: 178.01599
  pitch: 8.899191
logoutlocation:
  world: juegos
  x: -1395.5
  y: 28.0
  z: 4026.5
  yaw: -178.559
  pitch: 35.54959
money: '30.0'
