lastAccountName: Troya91_YT
timestamps:
  login: 1433287480148
  lastteleport: 1433289006022
  logout: 1433289473354
ipAddress: 181.66.157.210
lastlocation:
  world: plotworld
  x: -211.26796878895436
  y: 65.0
  z: 60.93965673628419
  yaw: -182.249
  pitch: 13.964075
logoutlocation:
  world: plotworld
  x: -220.40705346522174
  y: 66.0
  z: 63.37135895222484
  yaw: -70.89641
  pitch: 45.722572
money: '30.0'
