lastAccountName: firo
timestamps:
  login: 1434834753052
  logout: 1434834791174
ipAddress: 190.163.155.49
lastlocation:
  world: juegos
  x: -1395.4185400764914
  y: 30.018814808330944
  z: 4026.3840599087716
  yaw: 178.01599
  pitch: 8.899191
logoutlocation:
  world: juegos
  x: -1400.5
  y: 106.0
  z: 4020.5
  yaw: 0.0
  pitch: 0.0
money: '30.0'
