lastAccountName: gtre23456
timestamps:
  login: 1433868333054
  logout: 1433870905469
ipAddress: 190.236.251.73
lastlocation:
  world: juegos
  x: -1395.4185400764914
  y: 30.018814808330944
  z: 4026.3840599087716
  yaw: 178.01599
  pitch: 8.899191
logoutlocation:
  world: Factions
  x: -131.22542937912255
  y: 69.0
  z: -538.4421984073891
  yaw: -339.45898
  pitch: 15.600025
money: '30.0'
