lastAccountName: drew9786
timestamps:
  login: 1433553650256
  lastteleport: 1433554430227
  logout: 1433554581389
ipAddress: 190.160.106.239
lastlocation:
  world: plotworld
  x: 195.6969187981158
  y: 65.0
  z: 154.5110030759948
  yaw: 321.9289
  pitch: 44.201088
logoutlocation:
  world: SkyWars
  x: 0.5552248231528313
  y: 52.61387992998081
  z: -22.708357930336522
  yaw: -173.11192
  pitch: 2.5959973
money: '30.0'
