lastAccountName: goldy
timestamps:
  login: 1433686582528
  logout: 1433686620381
ipAddress: 190.22.131.200
lastlocation:
  world: juegos
  x: -1395.4185400764914
  y: 30.018814808330944
  z: 4026.3840599087716
  yaw: 178.01599
  pitch: 8.899191
logoutlocation:
  world: juegos
  x: -1388.5
  y: 102.0
  z: 4024.5
  yaw: 0.0
  pitch: 0.0
socialspy: false
money: '30.0'
