lastAccountName: summercraft
timestamps:
  login: 1436126589344
  lastteleport: 1436127283733
  logout: 1436127795745
ipAddress: 190.233.55.106
lastlocation:
  world: spawn
  x: -618.3701943508032
  y: 28.0
  z: -1396.722800381061
  yaw: 92.325226
  pitch: -24.647999
logoutlocation:
  world: spawn
  x: -613.6732391719028
  y: 28.0
  z: -1372.691621581629
  yaw: 22.575066
  pitch: 12.701994
money: '30.0'
