lastAccountName: tmaximus13
timestamps:
  login: 1432929478229
  logout: 1432929527330
ipAddress: 190.21.97.252
lastlocation:
  world: juegos
  x: -1395.4185400764914
  y: 30.018814808330944
  z: 4026.3840599087716
  yaw: 178.01599
  pitch: 8.899191
logoutlocation:
  world: juegos
  x: -1452.3805564325876
  y: 22.5
  z: 3998.516707915216
  yaw: 132.24048
  pitch: 3.2999904
money: '30.0'
