lastAccountName: xPantufLaSx
timestamps:
  login: 1432801960559
  logout: 1432802328449
ipAddress: 190.95.40.170
lastlocation:
  world: juegos
  x: -1395.4185400764914
  y: 30.018814808330944
  z: 4026.3840599087716
  yaw: 178.01599
  pitch: 8.899191
logoutlocation:
  world: Factions
  x: -258.3121539459984
  y: 67.0
  z: -858.4209767581771
  yaw: 29.658802
  pitch: 17.100016
money: '30.0'
