lastAccountName: adrianitoYT
timestamps:
  login: 1433302309322
  logout: 1433302376889
ipAddress: 187.167.44.38
lastlocation:
  world: juegos
  x: -1395.4185400764914
  y: 30.018814808330944
  z: 4026.3840599087716
  yaw: 178.01599
  pitch: 8.899191
logoutlocation:
  world: juegos
  x: -1387.017939145196
  y: 28.5
  z: 3980.831224672968
  yaw: -87.20923
  pitch: -53.100002
money: '30.0'
