lastAccountName: rambomusculoso
timestamps:
  login: 1432948996234
  logout: 1432949602771
ipAddress: 200.126.91.177
lastlocation:
  world: juegos
  x: -1395.4185400764914
  y: 30.018814808330944
  z: 4026.3840599087716
  yaw: 178.01599
  pitch: 8.899191
logoutlocation:
  world: plotworld
  x: -0.5314685621210427
  y: 65.0
  z: -5.674103046395803
  yaw: 177.89963
  pitch: 34.050003
money: '30.0'
