lastAccountName: BlackCat98YT
timestamps:
  login: 1433640059907
  logout: 1433640065858
ipAddress: 190.171.114.50
lastlocation:
  world: juegos
  x: -1395.4185400764914
  y: 30.018814808330944
  z: 4026.3840599087716
  yaw: 178.01599
  pitch: 8.899191
logoutlocation:
  world: juegos
  x: -1395.5
  y: 28.0
  z: 4026.5
  yaw: -178.7529
  pitch: 32.010582
money: '30.0'
