lastAccountName: GenVeruska
timestamps:
  login: 1433798027959
  logout: 1433798440218
ipAddress: 186.92.97.91
lastlocation:
  world: juegos
  x: -1395.4185400764914
  y: 30.018814808330944
  z: 4026.3840599087716
  yaw: 178.01599
  pitch: 8.899191
logoutlocation:
  world: juegos
  x: -1396.4149635672368
  y: 28.0
  z: 4020.702031161229
  yaw: -60.358852
  pitch: -37.800392
money: '30.0'
