lastAccountName: siko
timestamps:
  login: 1432854562448
  lastteleport: 1432854629303
  logout: 1432854817468
ipAddress: 181.160.53.195
lastlocation:
  world: juegos
  x: -1474.300000011921
  y: 24.0
  z: 3999.699999988079
  yaw: -37.708984
  pitch: 18.899603
logoutlocation:
  world: survival
  x: 211.51095152315273
  y: 71.0
  z: 100.84927869812964
  yaw: 149.63129
  pitch: 33.896404
money: '30.0'
