lastAccountName: bupugetta777
timestamps:
  login: 1433547956444
  lastteleport: 1433548783396
  logout: 1433548887301
ipAddress: 190.1.23.248
lastlocation:
  world: survival
  x: -1562.977572167466
  y: 104.5
  z: 3817.113937625686
  yaw: -180.7404
  pitch: 38.249905
logoutlocation:
  world: juegos
  x: -976.5764072086251
  y: 35.0
  z: -112.67048932261478
  yaw: 169.79921
  pitch: 5.699551
money: '30.0'
