lastAccountName: CarlosMC
timestamps:
  login: 1433111309780
  lastteleport: 1433111637875
  logout: 1433115672284
ipAddress: 189.220.119.231
lastlocation:
  world: juegos
  x: -1395.666202216801
  y: 28.0
  z: 3981.8151375249317
  yaw: -173.18416
  pitch: -5.4030695
logoutlocation:
  world: SkyWars
  x: 0.5135019388045586
  y: 50.0
  z: 0.6114940658145507
  yaw: 178.80547
  pitch: -2.1551917
money: '575.0'
