lastAccountName: Thetomash333
timestamps:
  login: 1434234531625
  lastteleport: 1434234559843
  logout: 1434234578540
ipAddress: 186.78.0.2
lastlocation:
  world: juegos
  x: -1398.1998297022155
  y: 28.0
  z: 4008.152128717079
  yaw: 144.39098
  pitch: 0.14958727
logoutlocation:
  world: spawn
  x: -624.0038760334656
  y: 50.0
  z: -2449.589543386867
  yaw: 181.13141
  pitch: 1.0127857
socialspy: false
money: '55.0'
