lastAccountName: IangamerHD
timestamps:
  login: 1430100067210
  lastteleport: 1430102721013
  logout: 1430103288235
ipAddress: 201.186.37.5
lastlocation:
  world: survival
  x: 357.1537389096865
  y: 35.0
  z: 3911.2187723404595
  yaw: 17.223045
  pitch: 28.799984
logoutlocation:
  world: survival
  x: 511.0857956220004
  y: 70.0
  z: 4405.922870295584
  yaw: 1.9230957
  pitch: 27.750034
money: '30.0'
