lastAccountName: gokusjjdiosazul
timestamps:
  login: 1435534155694
  lastteleport: 1435518211812
  logout: 1435534328997
ipAddress: 201.220.244.148
lastlocation:
  world: survival
  x: 33.300000011920936
  y: 66.0
  z: 29.69999998807907
  yaw: 79.43046
  pitch: -12.149999
logoutlocation:
  world: survival
  x: 94.48483756713276
  y: 31.786081231574535
  z: 257.30000001192093
  yaw: 233.25008
  pitch: 53.849995
socialspy: false
money: '30.0'
