lastAccountName: Pablo12Nava
timestamps:
  login: 1437367194207
  lastteleport: 1437367411358
  logout: 1437367459408
ipAddress: 186.125.185.11
lastlocation:
  world: spawn
  x: -597.3587336035303
  y: 13.0
  z: -1522.4674280202644
  yaw: 105.87564
  pitch: -30.9
logoutlocation:
  world: spawn
  x: -614.5764602692849
  y: 28.0
  z: -1397.9637946248445
  yaw: -157.42493
  pitch: -9.347995
money: '30.0'
