lastAccountName: ImAkilesPvP
timestamps:
  login: 1433186133499
  logout: 1433186447386
ipAddress: 186.36.212.116
lastlocation:
  world: juegos
  x: -1474.590507726435
  y: 10.0
  z: 4012.8827237744676
  yaw: 85.89173
  pitch: 5.095404
logoutlocation:
  world: juegos
  x: -1381.8654438312542
  y: 10.0
  z: 3983.8914293645817
  yaw: 111.91877
  pitch: 89.857475
socialspy: false
money: '30.0'
