lastAccountName: phyzik
timestamps:
  login: 1432345802850
  logout: 1432345980565
ipAddress: 186.67.32.18
lastlocation:
  world: juegos
  x: -1395.4185400764914
  y: 30.018814808330944
  z: 4026.3840599087716
  yaw: 178.01599
  pitch: 8.899191
logoutlocation:
  world: juegos
  x: -1396.3801601013517
  y: 28.0
  z: 3997.991813900814
  yaw: 184.44102
  pitch: 11.249583
socialspy: false
money: '30.0'
