lastAccountName: FailaweYT
timestamps:
  login: 1433424049033
  logout: 1433424238972
ipAddress: 190.189.44.136
lastlocation:
  world: juegos
  x: -1395.4185400764914
  y: 30.018814808330944
  z: 4026.3840599087716
  yaw: 178.01599
  pitch: 8.899191
logoutlocation:
  world: plotworld
  x: 61.69999998807907
  y: 63.0
  z: -180.69999998807907
  yaw: -309.4483
  pitch: 25.986313
socialspy: false
money: '30.0'
