lastAccountName: great1234567
timestamps:
  login: 1435359445615
  logout: 1435359458716
ipAddress: 179.53.190.201
lastlocation:
  world: juegos
  x: -1395.4185400764914
  y: 30.018814808330944
  z: 4026.3840599087716
  yaw: 178.01599
  pitch: 8.899191
logoutlocation:
  world: juegos
  x: -1395.5
  y: 29.0
  z: 4026.5
  yaw: -0.7499999
  pitch: 7.65
socialspy: false
money: '30.0'
