lastAccountName: Zimok
timestamps:
  login: 1429748391203
  lastteleport: 1429750217127
  logout: 1429750328008
ipAddress: 190.44.74.250
lastlocation:
  world: juegos
  x: -939.0010983666166
  y: -123.76529849911795
  z: -70.0783467545424
  yaw: -63.75044
  pitch: 3.8995776
money: '184.0'
logoutlocation:
  world: survival
  x: 125.80344282533976
  y: 52.0
  z: 31.39627746418968
  yaw: -163.19998
  pitch: 40.049953
