lastAccountName: danilolssa
timestamps:
  login: 1435346311567
  logout: 1435347421302
ipAddress: 181.110.118.145
lastlocation:
  world: juegos
  x: -1395.4185400764914
  y: 30.018814808330944
  z: 4026.3840599087716
  yaw: 178.01599
  pitch: 8.899191
logoutlocation:
  world: plotworld
  x: -163.29109236686992
  y: 68.0
  z: -296.5848170829298
  yaw: 205.4978
  pitch: 38.250015
socialspy: false
money: '30.0'
