lastAccountName: DJSaifGamer
timestamps:
  login: 1433553655321
  lastteleport: 1433554433142
  logout: 1433554503810
ipAddress: 190.160.197.49
lastlocation:
  world: plotworld
  x: 239.12545742906372
  y: 65.0
  z: 105.64672870242298
  yaw: 57.752556
  pitch: -25.608007
logoutlocation:
  world: SkyWars
  x: 0.5552248231528313
  y: 52.61387992998081
  z: -22.708357930336522
  yaw: -173.11192
  pitch: 2.5959973
money: '30.0'
