lastAccountName: thudiego
timestamps:
  login: 1433363444696
  logout: 1433363575802
ipAddress: 190.233.48.19
lastlocation:
  world: juegos
  x: -1395.4185400764914
  y: 30.018814808330944
  z: 4026.3840599087716
  yaw: 178.01599
  pitch: 8.899191
logoutlocation:
  world: plotworld
  x: -211.79430752639618
  y: 65.0
  z: -193.72835342197752
  yaw: 276.3
  pitch: 16.35
money: '30.0'
