lastAccountName: thenachopropvp
timestamps:
  login: 1437084399063
  lastteleport: 1437007951514
  logout: 1437084806039
ipAddress: 190.162.84.225
lastlocation:
  world: plotworld
  x: 227.69999998807907
  y: 64.0
  z: -170.1720577493885
  yaw: -13.348965
  pitch: 0.30002815
logoutlocation:
  world: plotworld
  x: 285.97718711106756
  y: 66.0
  z: 5.339687500663521
  yaw: -79.80194
  pitch: 32.999985
socialspy: false
money: '245.0'
