lastAccountName: WarriorMx
timestamps:
  login: 1435603452327
  logout: 1435604666598
ipAddress: 189.170.251.191
lastlocation:
  world: juegos
  x: -1395.4185400764914
  y: 30.018814808330944
  z: 4026.3840599087716
  yaw: 178.01599
  pitch: 8.899191
logoutlocation:
  world: plotworld
  x: 94.1413558374612
  y: 65.0
  z: -296.1656640594661
  yaw: 343.62805
  pitch: 8.487461
money: '30.0'
