lastAccountName: dani0101
timestamps:
  login: 1435024657528
  logout: 1435024660579
ipAddress: 187.207.53.28
lastlocation:
  world: juegos
  x: -1395.4185400764914
  y: 30.018814808330944
  z: 4026.3840599087716
  yaw: 178.01599
  pitch: 8.899191
logoutlocation:
  world: juegos
  x: -1395.5
  y: 29.0
  z: 4026.5
  yaw: 3.0
  pitch: 3.1499999
socialspy: false
money: '30.0'
