lastAccountName: Jenny
timestamps:
  login: 1433983836491
  logout: 1433984269797
ipAddress: 190.42.16.11
lastlocation:
  world: juegos
  x: -1395.4185400764914
  y: 30.018814808330944
  z: 4026.3840599087716
  yaw: 178.01599
  pitch: 8.899191
logoutlocation:
  world: juegos
  x: -1521.612866608469
  y: 28.0
  z: 3983.662248513767
  yaw: 336.5416
  pitch: 44.99993
money: '30.0'
