lastAccountName: Rampollo
timestamps:
  login: 1434220142487
  logout: 1434220142736
ipAddress: 200.90.253.170
lastlocation:
  world: juegos
  x: -1395.4185400764914
  y: 30.018814808330944
  z: 4026.3840599087716
  yaw: 178.01599
  pitch: 8.899191
logoutlocation:
  world: spawn
  x: -612.7021808457931
  y: 28.0
  z: -1369.908424988559
  yaw: 125.89872
  pitch: 3.3000019
socialspy: false
money: '30.0'
