lastAccountName: Orlaandho
timestamps:
  login: 1433282577819
  logout: 1433283272453
ipAddress: 138.99.225.155
lastlocation:
  world: juegos
  x: -1395.4185400764914
  y: 30.018814808330944
  z: 4026.3840599087716
  yaw: 178.01599
  pitch: 8.899191
logoutlocation:
  world: juegos
  x: -1317.699999988079
  y: 5.0
  z: 4068.78505890346
  yaw: -296.46094
  pitch: 18.899977
money: '30.0'
