lastAccountName: ElBlacki
timestamps:
  login: 1436227260680
  logout: 1436227267927
ipAddress: 190.141.16.119
lastlocation:
  world: juegos
  x: -1395.4185400764914
  y: 30.018814808330944
  z: 4026.3840599087716
  yaw: 178.01599
  pitch: 8.899191
logoutlocation:
  world: spawn
  x: -613.5
  y: 28.0
  z: -1367.5
  yaw: -177.4943
  pitch: 60.344215
money: '30.0'
