lastAccountName: nachito97
timestamps:
  login: 1436570748992
  logout: 1436570752191
ipAddress: 190.101.87.71
lastlocation:
  world: juegos
  x: -1395.4185400764914
  y: 30.018814808330944
  z: 4026.3840599087716
  yaw: 178.01599
  pitch: 8.899191
logoutlocation:
  world: juegos
  x: -1394.5
  y: 102.0
  z: 4026.5
  yaw: 2.1
  pitch: 3.0000017
socialspy: false
money: '30.0'
