lastAccountName: cruz
timestamps:
  login: 1433040171541
  logout: 1433077798853
ipAddress: 167.62.120.153
lastlocation:
  world: juegos
  x: -1395.4185400764914
  y: 30.018814808330944
  z: 4026.3840599087716
  yaw: 178.01599
  pitch: 8.899191
logoutlocation:
  world: Factions
  x: -284.9624683177924
  y: 79.0
  z: -286.94988946681417
  yaw: 203.50912
  pitch: -14.099999
socialspy: false
money: '30.0'
