lastAccountName: TinchoMC
timestamps:
  login: 1433896787967
  logout: 1433896910658
ipAddress: 181.118.91.105
lastlocation:
  world: juegos
  x: -1395.4185400764914
  y: 30.018814808330944
  z: 4026.3840599087716
  yaw: 178.01599
  pitch: 8.899191
logoutlocation:
  world: juegos
  x: -1396.3094484514918
  y: 43.0
  z: 3967.424048424053
  yaw: 74.041374
  pitch: 13.499553
money: '30.0'
