lastAccountName: Reloader14
timestamps:
  login: 1435761366134
  logout: 1435761486949
  lastteleport: 1435761386785
ipAddress: 190.194.64.210
lastlocation:
  world: spawn
  x: -613.7483983278984
  y: 28.0
  z: -1371.9314967630621
  yaw: -180.4904
  pitch: 29.585106
logoutlocation:
  world: survival
  x: 15.522070794001905
  y: 114.0
  z: 94.99214927093126
  yaw: -4.08031
  pitch: 37.938324
socialspy: false
money: '30.0'
