lastAccountName: FlamezzGaming
timestamps:
  login: 1433884522359
  logout: 1433884742460
ipAddress: 190.160.183.126
lastlocation:
  world: juegos
  x: -1395.4185400764914
  y: 30.018814808330944
  z: 4026.3840599087716
  yaw: 178.01599
  pitch: 8.899191
logoutlocation:
  world: juegos
  x: -1429.4042901699659
  y: 28.0
  z: 3966.174506561224
  yaw: -308.52277
  pitch: -11.180975
money: '30.0'
