lastAccountName: fer
timestamps:
  login: 1433459649799
  logout: 1433459687874
ipAddress: 186.106.48.108
lastlocation:
  world: juegos
  x: -1395.4185400764914
  y: 30.018814808330944
  z: 4026.3840599087716
  yaw: 178.01599
  pitch: 8.899191
logoutlocation:
  world: juegos
  x: -1388.5238076360056
  y: 28.0
  z: 3989.8541045824027
  yaw: 350.45428
  pitch: 1.01757
socialspy: false
money: '30.0'
