lastAccountName: XxMatyzGtrxX
timestamps:
  login: 1434283165872
  lastteleport: 1434245593977
  logout: 1434283204612
ipAddress: 181.160.232.116
lastlocation:
  world: survival
  x: 218.36056818748065
  y: 104.0
  z: 421.9552615836891
  yaw: 38.700775
  pitch: 3.7500207
logoutlocation:
  world: spawn
  x: -621.9279906700759
  y: 49.5
  z: -2443.8060044299573
  yaw: 181.49901
  pitch: 18.749992
socialspy: false
money: '30.0'
