lastAccountName: DeathGamer5
timestamps:
  login: 1436142182145
  logout: 1436142185944
ipAddress: 191.112.171.29
lastlocation:
  world: juegos
  x: -1395.4185400764914
  y: 30.018814808330944
  z: 4026.3840599087716
  yaw: 178.01599
  pitch: 8.899191
logoutlocation:
  world: spawn
  x: -613.6234254888969
  y: 30.0
  z: -1367.372822989373
  yaw: -181.87491
  pitch: 62.351997
socialspy: false
money: '30.0'
