lastAccountName: juangamer12
timestamps:
  login: 1433207946654
  logout: 1433208012773
ipAddress: 190.124.158.169
lastlocation:
  world: juegos
  x: -1395.5
  y: 28.0
  z: 4026.5
  yaw: -179.309
  pitch: 31.949587
logoutlocation:
  world: survival
  x: 62.631846209116055
  y: 61.01334659757408
  z: 101.43223152936615
  yaw: -206.8483
  pitch: 7.3500056
socialspy: false
money: '30.0'
