lastAccountName: jio
timestamps:
  login: 1433018976754
  logout: 1433018984903
ipAddress: 186.106.27.10
lastlocation:
  world: juegos
  x: -1395.4185400764914
  y: 30.018814808330944
  z: 4026.3840599087716
  yaw: 178.01599
  pitch: 8.899191
logoutlocation:
  world: juegos
  x: -1395.5
  y: 56.0
  z: 4032.5
  yaw: 0.0
  pitch: 0.0
socialspy: false
money: '30.0'
