lastAccountName: ThunderHanzt
timestamps:
  login: 1435604839215
  lastteleport: 1435604957675
  logout: 1435605046694
ipAddress: 187.204.114.85
lastlocation:
  world: survival
  x: -26.467762195895478
  y: 102.0
  z: 46.80392672440616
  yaw: 80.72664
  pitch: 51.61662
logoutlocation:
  world: survival
  x: -2.269434565575629
  y: 103.0
  z: 56.48115144998477
  yaw: 91.82694
  pitch: 24.166729
money: '30.0'
