lastAccountName: Minelord17
timestamps:
  login: 1433723220394
  lastteleport: 1433723253440
  logout: 1433723301839
ipAddress: 181.74.184.61
lastlocation:
  world: juegos
  x: -1395.5
  y: 28.0
  z: 4026.5
  yaw: -179.09442
  pitch: 31.949587
logoutlocation:
  world: survival
  x: -10.980830523069049
  y: 122.0
  z: 38.63789954612496
  yaw: -18.573498
  pitch: 12.934288
money: '30.0'
