lastAccountName: isap
timestamps:
  login: 1433798394355
  logout: 1433798432718
ipAddress: 186.92.97.91
lastlocation:
  world: juegos
  x: -1395.4185400764914
  y: 30.018814808330944
  z: 4026.3840599087716
  yaw: 178.01599
  pitch: 8.899191
logoutlocation:
  world: juegos
  x: -1400.5
  y: 105.0
  z: 4022.5
  yaw: 0.0
  pitch: 1.05
socialspy: false
money: '30.0'
