lastAccountName: LauGamer_XD
timestamps:
  login: 1434041376652
  lastteleport: 1431897965293
  logout: 1434043130776
ipAddress: 83.57.4.203
lastlocation:
  world: SkyWars
  x: -3.1432852572301835
  y: 51.0
  z: -25.312448714047427
  yaw: 175.66681
  pitch: 34.097343
logoutlocation:
  world: spawn
  x: -619.5230692321602
  y: 49.5
  z: -2443.759809741881
  yaw: 336.8994
  pitch: 28.289993
socialspy: false
money: '435.0'
