lastAccountName: vichoelnoob36
timestamps:
  login: 1433008163884
  logout: 1433008325862
ipAddress: 186.65.202.65
lastlocation:
  world: juegos
  x: -1395.4185400764914
  y: 30.018814808330944
  z: 4026.3840599087716
  yaw: 178.01599
  pitch: 8.899191
logoutlocation:
  world: Factions
  x: -320.62889590536855
  y: 71.0
  z: -340.69999998807907
  yaw: 188.5093
  pitch: -8.999992
money: '30.0'
