lastAccountName: ElFazu
timestamps:
  login: 1433570470288
  logout: 1433570518706
ipAddress: 190.48.235.82
lastlocation:
  world: juegos
  x: -1395.4185400764914
  y: 30.018814808330944
  z: 4026.3840599087716
  yaw: 178.01599
  pitch: 8.899191
logoutlocation:
  world: juegos
  x: -1395.276759015207
  y: 28.0
  z: 3981.3747144868585
  yaw: -324.05878
  pitch: 2.0995853
money: '30.0'
