lastAccountName: oBirSezar
timestamps:
  login: 1433877624834
  logout: 1433877780501
ipAddress: 88.241.203.173
lastlocation:
  world: juegos
  x: -1395.4185400764914
  y: 30.018814808330944
  z: 4026.3840599087716
  yaw: 178.01599
  pitch: 8.899191
logoutlocation:
  world: juegos
  x: -1473.566827169846
  y: 6.749335372285935
  z: 3923.4242503494206
  yaw: 170.94109
  pitch: 6.7496805
money: '30.0'
