lastAccountName: Patrick_XD_
timestamps:
  login: 1432386305141
  lastteleport: 1432323484622
  logout: 1432386314141
ipAddress: 190.252.226.68
lastlocation:
  world: juegos
  x: -1395.4931749049574
  y: 28.0
  z: 4026.309669218317
  yaw: 180.691
  pitch: 31.949587
logoutlocation:
  world: survival
  x: -1563.3122370613896
  y: 104.5
  z: 3817.333342752047
  yaw: 5.7095337
  pitch: 8.549906
socialspy: false
money: '30.0'
