lastAccountName: SebastianM117
timestamps:
  login: 1432444546896
  lastteleport: 1432444621289
  logout: 1432445743553
ipAddress: 186.86.77.186
lastlocation:
  world: juegos
  x: -1395.820058362264
  y: 28.5
  z: 3962.1901334192253
  yaw: -181.409
  pitch: 10.34958
logoutlocation:
  world: SkyWars
  x: -0.2587456996475257
  y: 50.0
  z: 2.7042278775272486
  yaw: 181.03206
  pitch: 3.3696117
money: '245.0'
