lastAccountName: guillermo
timestamps:
  login: 1437376945052
  logout: 1437376982652
ipAddress: 181.119.60.181
lastlocation:
  world: juegos
  x: -1395.4185400764914
  y: 30.018814808330944
  z: 4026.3840599087716
  yaw: 178.01599
  pitch: 8.899191
logoutlocation:
  world: juegos
  x: -1395.5
  y: 29.0
  z: 4026.5
  yaw: -1.2
  pitch: 0.0
socialspy: false
money: '30.0'
