lastAccountName: Zenris
timestamps:
  login: 1434843024826
  lastteleport: 1434843115285
ipAddress: 190.44.181.63
lastlocation:
  world: juegos
  x: -1393.774847693305
  y: 28.0
  z: 4008.260660767679
  yaw: -127.650055
  pitch: -4.199997
money: '30.0'
