lastAccountName: Danone_CZ
timestamps:
  login: 1432763972343
  lastteleport: 1432764338940
  logout: 1432764496644
ipAddress: 181.75.124.40
lastlocation:
  world: juegos
  x: 4689.5740910788
  y: 52.0
  z: 1057.8741988967108
  yaw: 193.10065
  pitch: 8.248076
logoutlocation:
  world: survival
  x: -26.988552033731317
  y: 108.0
  z: 134.60566998920723
  yaw: -69.96973
  pitch: 23.846394
money: '30.0'
