lastAccountName: deigamerx
timestamps:
  login: 1435005846105
  logout: 1435006220973
ipAddress: 200.120.198.141
lastlocation:
  world: juegos
  x: -1395.4185400764914
  y: 30.018814808330944
  z: 4026.3840599087716
  yaw: 178.01599
  pitch: 8.899191
logoutlocation:
  world: juegos
  x: -1394.6371013715182
  y: 28.0
  z: 3863.7948200452065
  yaw: -21.750092
  pitch: 33.449986
socialspy: false
money: '30.0'
