lastAccountName: leo
timestamps:
  login: 1433440621498
  logout: 1433440626097
ipAddress: 201.187.165.153
lastlocation:
  world: juegos
  x: -1395.4185400764914
  y: 30.018814808330944
  z: 4026.3840599087716
  yaw: 178.01599
  pitch: 8.899191
logoutlocation:
  world: juegos
  x: -1419.0447066844758
  y: 28.0
  z: 3964.8543355662036
  yaw: 18.091284
  pitch: 9.599593
socialspy: false
money: '30.0'
