lastAccountName: kevingamer781242
timestamps:
  login: 1433890912049
  logout: 1433890926400
ipAddress: 186.105.101.115
lastlocation:
  world: juegos
  x: -1395.4185400764914
  y: 30.018814808330944
  z: 4026.3840599087716
  yaw: 178.01599
  pitch: 8.899191
logoutlocation:
  world: juegos
  x: -1394.2527816618767
  y: 28.0
  z: 3995.957207666892
  yaw: -156.20888
  pitch: 10.649586
socialspy: false
money: '30.0'
