lastAccountName: sarina_3
timestamps:
  login: 1434251060612
  logout: 1434251085462
ipAddress: 200.120.198.141
lastlocation:
  world: juegos
  x: -1395.4185400764914
  y: 30.018814808330944
  z: 4026.3840599087716
  yaw: 178.01599
  pitch: 8.899191
logoutlocation:
  world: spawn
  x: -613.5
  y: 28.0
  z: -1367.5
  yaw: 178.5487
  pitch: 9.300003
money: '30.0'
