lastAccountName: xamu
timestamps:
  login: 1433098262324
  logout: 1433098282975
ipAddress: 190.204.252.159
lastlocation:
  world: juegos
  x: -1395.4185400764914
  y: 30.018814808330944
  z: 4026.3840599087716
  yaw: 178.01599
  pitch: 8.899191
logoutlocation:
  world: juegos
  x: -1395.7161058144186
  y: 28.0
  z: 3982.2216903088174
  yaw: -178.25902
  pitch: 5.249587
socialspy: false
money: '30.0'
