lastAccountName: DaniZ
timestamps:
  login: 1434400483239
  logout: 1434400631795
ipAddress: 186.91.89.211
lastlocation:
  world: juegos
  x: -1395.4185400764914
  y: 30.018814808330944
  z: 4026.3840599087716
  yaw: 178.01599
  pitch: 8.899191
logoutlocation:
  world: spawn
  x: -614.1637762744962
  y: 28.0
  z: -1438.8366103604787
  yaw: 17.59877
  pitch: 17.249968
money: '30.0'
