lastAccountName: lExeeeee
timestamps:
  login: 1433812672641
  lastteleport: 1433812551248
  logout: 1433812689451
ipAddress: 181.161.243.140
lastlocation:
  world: juegos
  x: -1395.4931749049574
  y: 28.0
  z: 4026.309669218317
  yaw: 174.99104
  pitch: 30.749588
logoutlocation:
  world: survival
  x: -1527.300000011921
  y: 201.5
  z: 5234.145865407117
  yaw: 240.90887
  pitch: 52.800014
socialspy: false
money: '30.0'
