lastAccountName: M3ndexx
timestamps:
  login: 1436193578598
  lastteleport: 1435616152453
  logout: 1436193925855
ipAddress: 189.195.198.247
lastlocation:
  world: spawn
  x: -677.029839316978
  y: 6.0
  z: -1368.1780940367344
  yaw: 315.15723
  pitch: 7.2981815
nickname: §9§lM3ndexx
logoutlocation:
  world: spawn
  x: -615.2670983734306
  y: 48.0
  z: -2416.314630036628
  yaw: 42.436768
  pitch: 27.464558
socialspy: false
money: '550.0'
