lastAccountName: claudinio1234xd
timestamps:
  login: 1431561742478
  logout: 1431561770079
ipAddress: 190.215.172.195
lastlocation:
  world: juegos
  x: -952.4587604191012
  y: 129.91480945967268
  z: -524.5366122256469
  yaw: -177.83528
  pitch: 66.652794
logoutlocation:
  world: juegos
  x: -952.5
  y: 130.0
  z: -524.5
  yaw: -182.13605
  pitch: 30.703196
socialspy: false
money: '30.0'
