lastAccountName: caballo
timestamps:
  login: 1434658141601
  lastteleport: 1434658222866
  logout: 1434658436618
ipAddress: 186.79.75.121
lastlocation:
  world: juegos
  x: -1392.7720922569604
  y: 28.0
  z: 4008.2307640586782
  yaw: -143.1
  pitch: -1.3499997
logoutlocation:
  world: survival
  x: -29.730917735420817
  y: 105.0
  z: 57.692154996679164
  yaw: 94.18982
  pitch: 7.7999883
money: '30.0'
