lastAccountName: DiegoTiro
timestamps:
  login: 1434301426523
  logout: 1434301429062
ipAddress: 200.112.56.189
lastlocation:
  world: juegos
  x: -1395.4185400764914
  y: 30.018814808330944
  z: 4026.3840599087716
  yaw: 178.01599
  pitch: 8.899191
logoutlocation:
  world: spawn
  x: -613.5
  y: 28.0
  z: -1367.5
  yaw: 176.7487
  pitch: 13.200003
money: '8940.0'
