lastAccountName: Trapdoor
timestamps:
  login: 1432682614966
  logout: 1432682756371
ipAddress: 186.107.42.22
lastlocation:
  world: juegos
  x: -1395.4185400764914
  y: 30.018814808330944
  z: 4026.3840599087716
  yaw: 178.01599
  pitch: 8.899191
logoutlocation:
  world: juegos
  x: -1391.6825978959762
  y: 28.0
  z: 3949.8559533643856
  yaw: 14.64106
  pitch: 60.75
money: '30.0'
