lastAccountName: TheFelixHD
timestamps:
  login: 1433536333299
  lastteleport: 1433367655966
  logout: 1433536360199
ipAddress: 189.229.4.34
lastlocation:
  world: juegos
  x: -1395.8686959635395
  y: 28.0
  z: 4012.0042309399723
  yaw: 180.691
  pitch: 31.949587
logoutlocation:
  world: SkyWars
  x: 0.6604814852437257
  y: 51.015555072702206
  z: 1.1440496252655699
  yaw: -1.8474426
  pitch: 22.381727
socialspy: false
money: '415.0'
