lastAccountName: ZaTroxX
timestamps:
  login: 1434914811494
  logout: 1434914893575
  lastteleport: 1434914754001
ipAddress: 201.215.80.132
lastlocation:
  world: juegos
  x: -1395.96046078646
  y: 28.0
  z: 4012.7077120505637
  yaw: 186.78061
  pitch: 12.297601
logoutlocation:
  world: juegos
  x: 4703.7940738505895
  y: 53.0
  z: 1047.8951594401565
  yaw: 53.43625
  pitch: 7.8457994
socialspy: false
money: '30.0'
