lastAccountName: carlosxD194
timestamps:
  login: 1432338573888
  logout: 1432338601888
ipAddress: 181.64.192.195
lastlocation:
  world: juegos
  x: -1395.4185400764914
  y: 30.018814808330944
  z: 4026.3840599087716
  yaw: 178.01599
  pitch: 8.899191
logoutlocation:
  world: juegos
  x: -1397.5
  y: 99.0
  z: 4028.5
  yaw: 0.0
  pitch: 0.0
money: '30.0'
