lastAccountName: Randroid75
timestamps:
  login: 1434916049159
  logout: 1434917884967
  lastteleport: 1434917653371
ipAddress: 186.65.172.194
lastlocation:
  world: juegos
  x: -1392.6855094590446
  y: 28.0
  z: 4008.4846602359817
  yaw: -153.75002
  pitch: 0.15000078
logoutlocation:
  world: survival
  x: -33.15351898552328
  y: 103.0
  z: 56.69999998807907
  yaw: 4.490618
  pitch: -9.900021
socialspy: false
money: '29.0'
