lastAccountName: mrmoney123
timestamps:
  login: 1431998727939
  logout: 1431998735340
ipAddress: 66.214.15.179
lastlocation:
  world: juegos
  x: -952.4587604191012
  y: 129.91480945967268
  z: -524.5366122256469
  yaw: -177.83528
  pitch: 66.652794
logoutlocation:
  world: juegos
  x: -952.5
  y: 130.0
  z: -524.5
  yaw: -182.41862
  pitch: 32.28709
money: '30.0'
