lastAccountName: drogontenebr
timestamps:
  login: 1432611753209
  logout: 1432613225797
ipAddress: 186.31.67.104
lastlocation:
  world: juegos
  x: -1395.4185400764914
  y: 30.018814808330944
  z: 4026.3840599087716
  yaw: 178.01599
  pitch: 8.899191
logoutlocation:
  world: Factions
  x: -290.7095660704363
  y: 80.0
  z: -314.3316337514826
  yaw: 8.660328
  pitch: 25.800045
money: '30.0'
