lastAccountName: pandaxDlel
timestamps:
  login: 1434738968573
  lastteleport: 1434739003044
  logout: 1434739047595
ipAddress: 181.26.125.137
lastlocation:
  world: survival
  x: -9.879619202587174
  y: 121.0
  z: 68.76274502383765
  yaw: -53.919575
  pitch: 27.596395
logoutlocation:
  world: survival
  x: 35.00615428849658
  y: 64.0
  z: 23.215129151991853
  yaw: 246.68057
  pitch: 49.646408
money: '30.0'
