lastAccountName: alexandra
timestamps:
  login: 1433721487616
  logout: 1433721507717
ipAddress: 179.7.123.111
lastlocation:
  world: juegos
  x: -1395.4185400764914
  y: 30.018814808330944
  z: 4026.3840599087716
  yaw: 178.01599
  pitch: 8.899191
logoutlocation:
  world: juegos
  x: -1389.5
  y: 100.0
  z: 4026.5
  yaw: 0.3
  pitch: -2.4
socialspy: false
money: '30.0'
