lastAccountName: CHID
timestamps:
  login: 1436724038577
  logout: 1436724041527
ipAddress: 190.233.243.84
lastlocation:
  world: juegos
  x: -1395.4185400764914
  y: 30.018814808330944
  z: 4026.3840599087716
  yaw: 178.01599
  pitch: 8.899191
logoutlocation:
  world: juegos
  x: -1399.5
  y: 101.0
  z: 4026.5
  yaw: -0.15
  pitch: 0.0
socialspy: false
money: '30.0'
