lastAccountName: Zek_DJ
timestamps:
  login: 1429563910322
  logout: 1429563912730
ipAddress: 181.43.79.43
lastlocation:
  world: world
  x: -76.0
  y: 69.0
  z: 280.0
  yaw: 0.0
  pitch: 0.0
logoutlocation:
  world: juegos
  x: -952.5
  y: 130.0
  z: -524.5
  yaw: 180.90001
  pitch: 14.999963
money: '30.0'
