lastAccountName: MissLuh
timestamps:
  login: 1434225427242
  logout: 1434225436892
ipAddress: 186.65.255.90
lastlocation:
  world: juegos
  x: -1395.4185400764914
  y: 30.018814808330944
  z: 4026.3840599087716
  yaw: 178.01599
  pitch: 8.899191
logoutlocation:
  world: spawn
  x: -613.5
  y: 28.0
  z: -1367.5
  yaw: 176.7487
  pitch: 13.200003
socialspy: false
money: '30.0'
