lastAccountName: xXxemanuelxXx
timestamps:
  login: 1435069419040
  lastteleport: 1434649712600
  logout: 1435069515118
ipAddress: 179.24.15.198
lastlocation:
  world: juegos
  x: -1392.204792194037
  y: 28.0
  z: 4007.3213756383216
  yaw: -136.95001
  pitch: -7.3499975
logoutlocation:
  world: survival
  x: 143.30000001192093
  y: 62.0
  z: 47.30000001192093
  yaw: -263.25916
  pitch: 6.899997
socialspy: false
money: '29.0'
