lastAccountName: By_GrabsMar
timestamps:
  login: 1431290792656
  lastteleport: 1429407955652
  logout: 1431292080366
ipAddress: 190.160.179.22
lastlocation:
  world: juegos
  x: -952.4587604191012
  y: 129.91480945967268
  z: -524.5366122256469
  yaw: -177.83528
  pitch: 66.652794
socialspy: false
logoutlocation:
  world: juegos
  x: -948.6581773234418
  y: 124.5
  z: -564.9781580491144
  yaw: 0.11398015
  pitch: 7.303224
afk: false
money: '30.0'
