lastAccountName: KathyLOVYA
timestamps:
  login: 1432844665053
  logout: 1432844776657
ipAddress: 190.5.32.129
lastlocation:
  world: juegos
  x: -1395.4185400764914
  y: 30.018814808330944
  z: 4026.3840599087716
  yaw: 178.01599
  pitch: 8.899191
logoutlocation:
  world: juegos
  x: -1318.4820420786768
  y: 6.460068065343578
  z: 3964.8014207678666
  yaw: 160.74048
  pitch: 2.3994782
money: '30.0'
