lastAccountName: Gabrielito
timestamps:
  login: 1433947694305
  logout: 1433947722507
ipAddress: 181.66.34.195
lastlocation:
  world: juegos
  x: -1395.4185400764914
  y: 30.018814808330944
  z: 4026.3840599087716
  yaw: 178.01599
  pitch: 8.899191
logoutlocation:
  world: juegos
  x: -1395.5
  y: 28.0
  z: 4026.5
  yaw: -169.25899
  pitch: 29.399593
socialspy: false
money: '30.0'
