lastAccountName: 123ami
timestamps:
  login: 1436329723306
  logout: 1436329775553
ipAddress: 179.26.221.216
lastlocation:
  world: juegos
  x: -1395.4185400764914
  y: 30.018814808330944
  z: 4026.3840599087716
  yaw: 178.01599
  pitch: 8.899191
logoutlocation:
  world: spawn
  x: -617.166006938948
  y: 28.5
  z: -1434.0440422829531
  yaw: -41.174923
  pitch: 8.502
money: '30.0'
