lastAccountName: iTzComandoYT
timestamps:
  login: 1434975781454
  logout: 1434975784252
ipAddress: 37.135.79.237
lastlocation:
  world: juegos
  x: -1395.4185400764914
  y: 30.018814808330944
  z: 4026.3840599087716
  yaw: 178.01599
  pitch: 8.899191
logoutlocation:
  world: juegos
  x: -1395.5
  y: 29.0
  z: 4026.5
  yaw: 0.0
  pitch: 0.41909862
money: '30.0'
