lastAccountName: angel777
timestamps:
  login: 1433283800671
  logout: 1433283987699
ipAddress: 201.243.124.172
lastlocation:
  world: juegos
  x: -1395.4185400764914
  y: 30.018814808330944
  z: 4026.3840599087716
  yaw: 178.01599
  pitch: 8.899191
logoutlocation:
  world: juegos
  x: -1489.5142285414038
  y: 9.0
  z: 3981.265998797034
  yaw: -51.968994
  pitch: 13.390334
money: '30.0'
