lastAccountName: Mc_Sone
timestamps:
  login: 1430336545687
  lastteleport: 1430337290246
  logout: 1430337946880
ipAddress: 186.34.173.111
lastlocation:
  world: juegos
  x: -933.2639227954128
  y: 123.0
  z: -523.8964616773866
  yaw: 92.24706
  pitch: 6.8887424
logoutlocation:
  world: survival
  x: -1528.3053539202665
  y: 70.0
  z: 3298.722968162814
  yaw: 216.5947
  pitch: 26.633202
money: '30.0'
