lastAccountName: raul_llanquileo
timestamps:
  login: 1433813535750
  lastteleport: 1433813620269
  logout: 1433813739710
ipAddress: 191.112.212.149
lastlocation:
  world: juegos
  x: -1398.3843867326063
  y: 28.0
  z: 4007.418496415666
  yaw: -231.05908
  pitch: 8.549583
logoutlocation:
  world: SkyWars
  x: 0.5552248231528313
  y: 51.02127533234575
  z: -22.708357930336522
  yaw: 190.03806
  pitch: -8.954002
money: '30.0'
