lastAccountName: Raul_West
timestamps:
  login: 1434351328222
  logout: 1434351366573
ipAddress: 187.160.15.102
lastlocation:
  world: juegos
  x: -1395.4185400764914
  y: 30.018814808330944
  z: 4026.3840599087716
  yaw: 178.01599
  pitch: 8.899191
logoutlocation:
  world: juegos
  x: -1394.5
  y: 105.0
  z: 4024.5
  yaw: 0.0
  pitch: 0.0
money: '30.0'
