lastAccountName: iUvaGamerYT
timestamps:
  login: 1435965985514
  logout: 1435966160066
ipAddress: 190.42.85.83
lastlocation:
  world: juegos
  x: -1395.4185400764914
  y: 30.018814808330944
  z: 4026.3840599087716
  yaw: 178.01599
  pitch: 8.899191
logoutlocation:
  world: spawn
  x: -572.4535050679202
  y: 28.0
  z: -1398.7115157545204
  yaw: -327.8058
  pitch: 5.5785093
money: '30.0'
