socialspy: false
lastAccountName: Sebastian13
timestamps:
  login: 1432444692921
  lastteleport: 1432444921208
  logout: 1432445668424
ipAddress: 190.43.185.164
lastlocation:
  world: juegos
  x: -1394.3427563174453
  y: 28.0
  z: 4024.533905781383
  yaw: 180.691
  pitch: 31.949587
logoutlocation:
  world: SkyWars
  x: 0.9305307739369059
  y: 49.0
  z: 10.494669823509945
  yaw: -357.44647
  pitch: 15.897077
money: '55.0'
