lastAccountName: iKoo_
timestamps:
  login: 1433896689313
  lastteleport: 1433896741939
  logout: 1433896785566
ipAddress: 186.61.9.197
lastlocation:
  world: plotworld
  x: -246.47573773996285
  y: 66.0
  z: -136.28025713439692
  yaw: 45.749935
  pitch: 44.400005
logoutlocation:
  world: SkyWars
  x: 0.5552248231528313
  y: 52.61387992998081
  z: -22.708357930336522
  yaw: -173.11192
  pitch: 2.5959973
socialspy: false
homes:
  home:
    world: plotworld
    x: -246.12980614892433
    y: 72.0
    z: -140.09983437072856
    yaw: -143.39984
    pitch: 56.55004
money: '30.0'
