lastAccountName: Sense
timestamps:
  login: 1433640446051
  lastteleport: 1433640523195
  logout: 1433640613899
ipAddress: 190.45.18.132
lastlocation:
  world: juegos
  x: -1393.4461075634672
  y: 28.0
  z: 4008.1510161442666
  yaw: 224.64105
  pitch: -0.30040872
logoutlocation:
  world: survival
  x: -27.37892972361606
  y: 107.0
  z: 60.77776261756081
  yaw: 1.0408106
  pitch: -38.250004
money: '30.0'
