lastAccountName: EDISICK
timestamps:
  login: 1434199307827
  logout: 1434199556033
ipAddress: 186.11.25.121
lastlocation:
  world: juegos
  x: -1395.4185400764914
  y: 30.018814808330944
  z: 4026.3840599087716
  yaw: 178.01599
  pitch: 8.899191
logoutlocation:
  world: spawn
  x: -687.1622465653595
  y: 6.0
  z: -1501.9244407121214
  yaw: 92.14896
  pitch: -3.6000106
money: '30.0'
