lastAccountName: TheBenjaminGames
timestamps:
  login: 1434390730086
  logout: 1434390735863
ipAddress: 190.46.243.238
lastlocation:
  world: juegos
  x: -1395.4185400764914
  y: 30.018814808330944
  z: 4026.3840599087716
  yaw: 178.01599
  pitch: 8.899191
logoutlocation:
  world: spawn
  x: -613.5
  y: 28.0
  z: -1367.5
  yaw: 176.7487
  pitch: 13.200003
money: '30.0'
