lastAccountName: Doctor_Mayhem
timestamps:
  login: 1434566823513
  lastteleport: 1433861371213
  logout: 1434566965811
ipAddress: 186.79.57.225
lastlocation:
  world: juegos
  x: -1392.0451598911807
  y: 28.0
  z: 4008.065543067121
  yaw: -161.75894
  pitch: -6.4504123
logoutlocation:
  world: survival
  x: 44.96069757615072
  y: 115.0
  z: 76.7503220180142
  yaw: 100.50059
  pitch: 26.25001
socialspy: false
money: '30.0'
