lastAccountName: Maikkelll
timestamps:
  login: 1434113227342
  logout: 1434113258592
ipAddress: 186.67.170.98
lastlocation:
  world: juegos
  x: -1395.4185400764914
  y: 30.018814808330944
  z: 4026.3840599087716
  yaw: 178.01599
  pitch: 8.899191
logoutlocation:
  world: juegos
  x: -1397.5
  y: 108.0
  z: 4018.5
  yaw: -0.15
  pitch: -0.15
socialspy: false
money: '30.0'
