lastAccountName: kevin
timestamps:
  login: 1434382256909
  logout: 1434382282615
ipAddress: 186.35.210.87
lastlocation:
  world: juegos
  x: -1395.4185400764914
  y: 30.018814808330944
  z: 4026.3840599087716
  yaw: 178.01599
  pitch: 8.899191
logoutlocation:
  world: spawn
  x: -653.6558018881484
  y: 10.0
  z: -1494.4659668274771
  yaw: 226.6989
  pitch: -8.850051
socialspy: false
money: '30.0'
