lastAccountName: lol
timestamps:
  login: 1432436325767
  logout: 1432436387430
ipAddress: 186.56.20.103
lastlocation:
  world: juegos
  x: -1395.4185400764914
  y: 30.018814808330944
  z: 4026.3840599087716
  yaw: 178.01599
  pitch: 8.899191
logoutlocation:
  world: juegos
  x: -1397.079583870837
  y: 28.0
  z: 3959.049300337972
  yaw: 17.340973
  pitch: 9.299569
money: '30.0'
