lastAccountName: Hello_
timestamps:
  login: 1435604282602
  lastteleport: 1435604665399
  logout: 1435605101695
ipAddress: 201.255.54.201
lastlocation:
  world: spawn
  x: 541.6078707396052
  y: 39.0
  z: -1066.66273676974
  yaw: 76.91045
  pitch: -2.2500088
logoutlocation:
  world: spawn
  x: -619.8437716178632
  y: 50.0
  z: -2404.15244651179
  yaw: 108.14934
  pitch: -18.299973
money: '30.0'
