lastAccountName: Valera
timestamps:
  login: 1435517368228
  logout: 1435517700940
ipAddress: 190.42.17.48
lastlocation:
  world: juegos
  x: -1395.4185400764914
  y: 30.018814808330944
  z: 4026.3840599087716
  yaw: 178.01599
  pitch: 8.899191
logoutlocation:
  world: spawn
  x: -620.6375735414293
  y: 18.0
  z: -1535.300000011921
  yaw: 206.02406
  pitch: 9.000037
money: '30.0'
