lastAccountName: Juan_crack
timestamps:
  login: 1433526655480
  lastteleport: 1433526779160
  logout: 1433527172161
ipAddress: 87.218.252.205
lastlocation:
  world: juegos
  x: -1380.9754348434192
  y: 31.0
  z: 3977.082712336009
  yaw: 2.791071
  pitch: 28.64959
logoutlocation:
  world: plotworld
  x: 213.70298694968668
  y: 65.0
  z: -69.42325376754152
  yaw: 24.600006
  pitch: 31.949953
money: '30.0'
