lastAccountName: Adrick2015
timestamps:
  login: 1434146623676
  logout: 1434146663576
ipAddress: 190.47.43.110
lastlocation:
  world: juegos
  x: -1395.4185400764914
  y: 30.018814808330944
  z: 4026.3840599087716
  yaw: 178.01599
  pitch: 8.899191
logoutlocation:
  world: juegos
  x: -1405.5
  y: 51.0
  z: 4031.5
  yaw: 0.0
  pitch: 0.0
socialspy: false
money: '30.0'
