lastAccountName: LINK
timestamps:
  login: 1437079118144
  logout: 1437079157795
ipAddress: 186.11.45.21
lastlocation:
  world: juegos
  x: -1395.4185400764914
  y: 30.018814808330944
  z: 4026.3840599087716
  yaw: 178.01599
  pitch: 8.899191
logoutlocation:
  world: juegos
  x: -1404.5
  y: 88.0
  z: 4027.5
  yaw: 0.0
  pitch: 0.0
socialspy: false
money: '730.0'
