lastAccountName: KalmStkzCTM
timestamps:
  login: 1434857567118
  lastteleport: 1434858301557
  logout: 1434859557840
ipAddress: 186.78.184.69
lastlocation:
  world: survival
  x: -8.5
  y: 121.0
  z: -2.5
  yaw: -11.619577
  pitch: 22.796394
money: '990.0'
logoutlocation:
  world: survival
  x: 488.8499162231488
  y: 75.0
  z: -224.94356621034484
  yaw: 201.38048
  pitch: 30.149996
