lastAccountName: Nacho123195
timestamps:
  login: 1435889947816
  logout: 1435890283857
  lastteleport: 1435889794048
ipAddress: 201.215.79.127
lastlocation:
  world: juegos
  x: -864.961610635204
  y: 6.0
  z: 3644.699999988079
  yaw: -101.71848
  pitch: 43.049988
logoutlocation:
  world: survival
  x: 191.3888266564669
  y: 73.0
  z: 159.43343234906774
  yaw: 313.3501
  pitch: -5.399994
socialspy: false
teleportenabled: true
money: '30.0'
