lastAccountName: doug2100
timestamps:
  login: 1434232418391
  logout: 1434232508594
ipAddress: 200.112.239.196
lastlocation:
  world: juegos
  x: -1395.4185400764914
  y: 30.018814808330944
  z: 4026.3840599087716
  yaw: 178.01599
  pitch: 8.899191
logoutlocation:
  world: spawn
  x: -554.2738173942852
  y: 28.0
  z: -1410.4563389333737
  yaw: 66.04864
  pitch: 25.950003
money: '30.0'
