lastAccountName: cristian
timestamps:
  login: 1435387757197
  logout: 1435387795451
ipAddress: 190.102.254.197
lastlocation:
  world: juegos
  x: -1395.4185400764914
  y: 30.018814808330944
  z: 4026.3840599087716
  yaw: 178.01599
  pitch: 8.899191
logoutlocation:
  world: juegos
  x: -1398.5
  y: 105.0
  z: 4023.5
  yaw: 0.0
  pitch: 0.0
socialspy: false
money: '30.0'
