lastAccountName: NerdyHipster
timestamps:
  login: 1436658257967
  logout: 1436658261415
ipAddress: 76.251.38.50
lastlocation:
  world: juegos
  x: -1395.4185400764914
  y: 30.018814808330944
  z: 4026.3840599087716
  yaw: 178.01599
  pitch: 8.899191
logoutlocation:
  world: spawn
  x: -613.5
  y: 28.0
  z: -1367.5
  yaw: -183.00816
  pitch: 66.16919
money: '30.0'
