lastAccountName: vegetta888
timestamps:
  login: 1433856134927
  logout: 1433856174767
ipAddress: 190.203.118.99
lastlocation:
  world: juegos
  x: -1395.4185400764914
  y: 30.018814808330944
  z: 4026.3840599087716
  yaw: 178.01599
  pitch: 8.899191
logoutlocation:
  world: juegos
  x: -1391.5
  y: 99.0
  z: 4027.5
  yaw: 0.0
  pitch: 0.0
money: '30.0'
