lastAccountName: GonzaloGameYT
timestamps:
  login: 1433209349913
  logout: 1433209550908
ipAddress: 201.223.17.224
lastlocation:
  world: juegos
  x: -1395.4185400764914
  y: 30.018814808330944
  z: 4026.3840599087716
  yaw: 178.01599
  pitch: 8.899191
logoutlocation:
  world: SkyWars
  x: 0.5552248231528313
  y: 52.61387992998081
  z: -22.708357930336522
  yaw: -173.11192
  pitch: 2.5959973
money: '30.0'
