lastAccountName: thegaymer1134
timestamps:
  login: 1434739721338
  lastteleport: 1434740794145
  logout: 1434740815351
ipAddress: 190.75.224.214
lastlocation:
  world: plotworld
  x: 257.30000001192093
  y: 65.0
  z: 260.67828363781894
  yaw: 91.351074
  pitch: 22.799973
logoutlocation:
  world: spawn
  x: 551.0841626068488
  y: 39.0
  z: -1069.4339253488333
  yaw: 328.6105
  pitch: 23.849997
money: '30.0'
