lastAccountName: K0nrad_Joan
timestamps:
  login: 1435104441268
  logout: 1435104579713
  lastteleport: 1435104528578
ipAddress: 201.236.11.167
logoutlocation:
  world: world
  x: -27.272097459030743
  y: 71.5
  z: 279.9149466734081
  yaw: -94.94591
  pitch: -1.6405354
socialspy: false
lastlocation:
  world: world
  x: -75.5
  y: 69.0
  z: 280.5
  yaw: 0.0
  pitch: 0.0
money: '1185.0'
