lastAccountName: Nicolas1502xD45
timestamps:
  login: 1437519779406
  logout: 1437519817906
ipAddress: 186.106.166.241
lastlocation:
  world: juegos
  x: -1395.4185400764914
  y: 30.018814808330944
  z: 4026.3840599087716
  yaw: 178.01599
  pitch: 8.899191
logoutlocation:
  world: spawn
  x: -613.6494477466485
  y: 28.0
  z: -1385.9317762444687
  yaw: 179.1748
  pitch: 0.5520047
socialspy: false
money: '30.0'
