lastAccountName: javier
timestamps:
  login: 1433897116106
  logout: 1433897120706
ipAddress: 190.237.225.219
lastlocation:
  world: juegos
  x: -1395.4185400764914
  y: 30.018814808330944
  z: 4026.3840599087716
  yaw: 178.01599
  pitch: 8.899191
logoutlocation:
  world: juegos
  x: -1389.5
  y: 54.0
  z: 4031.5
  yaw: 0.15
  pitch: 0.15
socialspy: false
money: '70.0'
