lastAccountName: Rony22
timestamps:
  login: 1434659431136
  lastteleport: 1434659900201
  logout: 1434660120330
ipAddress: 190.45.198.164
lastlocation:
  world: juegos
  x: 4701.546593957853
  y: 52.0
  z: 1062.0764516404952
  yaw: 168.05095
  pitch: 7.648112
homes:
  home:
    world: plotworld
    x: 175.0
    y: 65.0
    z: 236.0
    yaw: 0.14999999
    pitch: 0.8999999
logoutlocation:
  world: juegos
  x: -1344.0906754519053
  y: 11.0
  z: 3964.300000011921
  yaw: 176.9998
  pitch: 11.849994
money: '30.0'
