lastAccountName: AnderBy12
timestamps:
  login: 1433630032376
  logout: 1433630070515
ipAddress: 181.139.177.159
lastlocation:
  world: juegos
  x: -1395.4185400764914
  y: 30.018814808330944
  z: 4026.3840599087716
  yaw: 178.01599
  pitch: 8.899191
logoutlocation:
  world: juegos
  x: -1404.5
  y: 104.0
  z: 4018.5
  yaw: 0.0
  pitch: 0.0
socialspy: false
money: '30.0'
