lastAccountName: tomytomate1
timestamps:
  login: 1432445773529
  logout: 1432445803678
ipAddress: 190.82.33.81
lastlocation:
  world: juegos
  x: -1395.4185400764914
  y: 30.018814808330944
  z: 4026.3840599087716
  yaw: 178.01599
  pitch: 8.899191
logoutlocation:
  world: juegos
  x: -1408.8095867035333
  y: 31.0
  z: 3978.067524451546
  yaw: -38.459015
  pitch: 9.299587
money: '30.0'
