lastAccountName: Player
timestamps:
  login: 1435009579758
  logout: 1435009619159
ipAddress: 201.242.255.63
lastlocation:
  world: juegos
  x: -1395.4185400764914
  y: 30.018814808330944
  z: 4026.3840599087716
  yaw: 178.01599
  pitch: 8.899191
logoutlocation:
  world: juegos
  x: -1389.5
  y: 96.0
  z: 4027.5
  yaw: 0.0
  pitch: 0.0
money: '30.0'
