lastAccountName: mrBenja124
timestamps:
  login: 1433512581885
  logout: 1433512699479
ipAddress: 186.34.236.189
lastlocation:
  world: juegos
  x: -1395.4185400764914
  y: 30.018814808330944
  z: 4026.3840599087716
  yaw: 178.01599
  pitch: 8.899191
logoutlocation:
  world: juegos
  x: -1479.6825834172864
  y: 26.0
  z: 3954.8652609034566
  yaw: 246.99101
  pitch: 26.699593
money: '30.0'
