lastAccountName: ElSmollYT
timestamps:
  login: 1434072270507
  lastteleport: 1434072357661
  logout: 1434072780114
ipAddress: 200.126.226.154
lastlocation:
  world: spawn
  x: -614.5443593532457
  y: 27.0
  z: -1458.2244068547247
  yaw: 178.00298
  pitch: 34.039185
logoutlocation:
  world: spawn
  x: -614.4074424693024
  y: 48.604080378093045
  z: -2420.9680379689325
  yaw: 282.56482
  pitch: 8.36812
money: '30.0'
