lastAccountName: Nacorito
timestamps:
  login: 1432444987528
  lastteleport: 1432445207120
  logout: 1432445811187
ipAddress: 186.82.35.139
lastlocation:
  world: juegos
  x: -1395.4931749049574
  y: 28.0
  z: 4026.309669218317
  yaw: 180.691
  pitch: 31.949587
logoutlocation:
  world: SkyWars
  x: 0.38095108460014904
  y: 50.0
  z: 0.37514272371145285
  yaw: 175.78209
  pitch: 3.5196118
money: '55.0'
