lastAccountName: xpajaro23YT
timestamps:
  login: 1433544107604
  lastteleport: 1433544144265
  logout: 1433544178601
ipAddress: 200.24.192.234
lastlocation:
  world: juegos
  x: -1395.5868169390808
  y: 28.0
  z: 3980.6467347205953
  yaw: 180.54106
  pitch: 1.0495996
logoutlocation:
  world: Factions
  x: -294.038954031585
  y: 80.0
  z: -310.4553087944373
  yaw: 90.4092
  pitch: 15.149995
money: '30.0'
