lastAccountName: ca1yx
timestamps:
  login: 1433013540127
  logout: 1433013598001
ipAddress: 190.233.167.192
lastlocation:
  world: juegos
  x: -1395.4185400764914
  y: 30.018814808330944
  z: 4026.3840599087716
  yaw: 178.01599
  pitch: 8.899191
logoutlocation:
  world: juegos
  x: -1418.898587056005
  y: 28.0
  z: 3991.607614759244
  yaw: -257.90903
  pitch: 26.399595
socialspy: false
money: '30.0'
