lastAccountName: claudiocifuent
timestamps:
  login: 1430194200501
  logout: 1430198094753
ipAddress: 201.221.203.100
lastlocation:
  world: juegos
  x: -952.761528854823
  y: 128.5
  z: -524.2120024759987
  yaw: -222.18602
  pitch: 40.6032
logoutlocation:
  world: juegos
  x: -952.4481709014688
  y: 128.5
  z: -524.4910221409202
  yaw: -269.28604
  pitch: 43.153194
socialspy: false
money: '30.0'
