lastAccountName: benja
timestamps:
  login: 1434940149721
  logout: 1434940188184
ipAddress: 181.226.155.207
logoutlocation:
  world: Factions
  x: -475.67447029773837
  y: 64.0
  z: -260.01107168855884
  yaw: -1.689209
  pitch: 32.399952
money: '30.0'
