lastAccountName: _BillieJoe
timestamps:
  login: 1426211643184
  logout: 1426212006295
ipAddress: 190.163.224.254
logoutlocation:
  world: world
  x: -190.9558924281993
  y: 64.0
  z: 260.26366657806864
  yaw: -284.6997
  pitch: 26.849995
money: '30.0'
