lastAccountName: gustavo
timestamps:
  login: 1435955451738
  logout: 1435955490090
ipAddress: 201.189.61.114
lastlocation:
  world: juegos
  x: -1395.4185400764914
  y: 30.018814808330944
  z: 4026.3840599087716
  yaw: 178.01599
  pitch: 8.899191
logoutlocation:
  world: spawn
  x: -647.6637144623536
  y: 6.0
  z: -1445.702191786805
  yaw: 85.42497
  pitch: 13.05
socialspy: false
money: '30.0'
