lastAccountName: shikoxx
timestamps:
  login: 1433881581818
  logout: 1433881650905
ipAddress: 190.101.82.176
lastlocation:
  world: juegos
  x: -1395.4185400764914
  y: 30.018814808330944
  z: 4026.3840599087716
  yaw: 178.01599
  pitch: 8.899191
logoutlocation:
  world: juegos
  x: -1396.039863434373
  y: 28.5
  z: 3961.8087794415624
  yaw: 344.49084
  pitch: 6.149583
money: '30.0'
