lastAccountName: HannaSweets
timestamps:
  login: 1434042343847
  lastteleport: 1434042574938
  logout: 1434043486110
ipAddress: 92.59.185.7
lastlocation:
  world: juegos
  x: -1473.7806917701703
  y: 6.059999998211861
  z: 3983.928882762805
  yaw: 174.83789
  pitch: -6.150396
logoutlocation:
  world: spawn
  x: -621.5644681007491
  y: 50.0
  z: -2448.90569744817
  yaw: 281.3993
  pitch: 23.190023
money: '30.0'
