lastAccountName: LautaroGamer99
timestamps:
  login: 1434840607518
  lastteleport: 1434840654957
  logout: 1434842118621
ipAddress: 181.23.161.117
lastlocation:
  world: juegos
  x: -1114.5
  y: 54.0
  z: 2764.5
  yaw: -28.242935
  pitch: 8.099843
logoutlocation:
  world: spawn
  x: -622.1080819621435
  y: 50.0
  z: -2449.3028613492743
  yaw: 323.69922
  pitch: -4.7100277
money: '395.0'
