lastAccountName: elcrack57
timestamps:
  login: 1432763346718
  logout: 1432763638987
ipAddress: 181.65.121.47
lastlocation:
  world: juegos
  x: -1395.4185400764914
  y: 30.018814808330944
  z: 4026.3840599087716
  yaw: 178.01599
  pitch: 8.899191
logoutlocation:
  world: Factions
  x: -271.9328292177987
  y: 79.0
  z: -302.49232763808686
  yaw: 23.2092
  pitch: -46.049995
money: '30.0'
