lastAccountName: thedarkrises
timestamps:
  login: 1433722388297
  logout: 1433722451059
ipAddress: 190.82.0.208
lastlocation:
  world: juegos
  x: -1395.4185400764914
  y: 30.018814808330944
  z: 4026.3840599087716
  yaw: 178.01599
  pitch: 8.899191
logoutlocation:
  world: plotworld
  x: -253.73868721796626
  y: 65.5
  z: 3.3623676876538564
  yaw: -9.149968
  pitch: 35.399998
money: '30.0'
