lastAccountName: Hero04
timestamps:
  login: 1434581272134
  logout: 1434581295184
ipAddress: 181.162.67.20
lastlocation:
  world: juegos
  x: -1395.4185400764914
  y: 30.018814808330944
  z: 4026.3840599087716
  yaw: 178.01599
  pitch: 8.899191
logoutlocation:
  world: juegos
  x: -1395.5575543838831
  y: 28.0
  z: 4029.137499988079
  yaw: 73.49994
  pitch: 35.09998
money: '30.0'
