lastAccountName: MiyuGamHerGrey
timestamps:
  login: 1436741228732
  logout: 1436741263398
ipAddress: 190.164.117.116
lastlocation:
  world: juegos
  x: -1395.4185400764914
  y: 30.018814808330944
  z: 4026.3840599087716
  yaw: 178.01599
  pitch: 8.899191
logoutlocation:
  world: spawn
  x: -613.5
  y: 28.0
  z: -1367.5
  yaw: -183.1037
  pitch: 62.351997
socialspy: false
money: '30.0'
