lastAccountName: SimonMiicZ
timestamps:
  login: 1435011659688
  logout: 1435011687947
ipAddress: 90.174.2.103
lastlocation:
  world: SkyWars
  x: -4.7193405643313175
  y: 54.5
  z: -19.596473387337287
  yaw: -28.67374
  pitch: 9.8390665
logoutlocation:
  world: SkyWars
  x: 12.614818425040756
  y: 51.5
  z: -11.128972875106378
  yaw: 87.27949
  pitch: 26.114368
socialspy: false
money: '55.0'
