lastAccountName: suenokbron
timestamps:
  login: 1432921629441
  logout: 1432921656592
ipAddress: 181.163.175.178
lastlocation:
  world: juegos
  x: -1395.4185400764914
  y: 30.018814808330944
  z: 4026.3840599087716
  yaw: 178.01599
  pitch: 8.899191
logoutlocation:
  world: Factions
  x: -446.54544944068243
  y: 69.0
  z: -279.35797548102147
  yaw: 177.70926
  pitch: 17.400013
socialspy: false
money: '30.0'
