lastAccountName: catalinapimentel
timestamps:
  login: 1437488605026
  logout: 1437488644228
ipAddress: 179.56.128.194
lastlocation:
  world: juegos
  x: -1395.4185400764914
  y: 30.018814808330944
  z: 4026.3840599087716
  yaw: 178.01599
  pitch: 8.899191
logoutlocation:
  world: juegos
  x: -1392.5
  y: 107.0
  z: 4019.5
  yaw: 0.0
  pitch: 0.0
socialspy: false
money: '30.0'
