lastAccountName: SecretWar
timestamps:
  login: 1433011119042
  logout: 1433011163793
ipAddress: 190.18.27.17
lastlocation:
  world: juegos
  x: -1395.4185400764914
  y: 30.018814808330944
  z: 4026.3840599087716
  yaw: 178.01599
  pitch: 8.899191
logoutlocation:
  world: juegos
  x: -1395.5196990254917
  y: 28.0
  z: 4023.517381470883
  yaw: -178.85896
  pitch: -11.550415
money: '30.0'
