lastAccountName: xXKiwiXx
timestamps:
  login: 1432235042041
  lastteleport: 1432235151164
  logout: 1432235314699
ipAddress: 200.120.244.71
lastlocation:
  world: survival
  x: -8.314908635804212
  y: 59.320165228191534
  z: 69.82349775477948
  yaw: 353.8433
  pitch: -1.5671237
logoutlocation:
  world: juegos
  x: -975.9372472056443
  y: 123.0
  z: -520.9311192855209
  yaw: -209.56104
  pitch: 40.70138
money: '30.0'
