lastAccountName: wololo
timestamps:
  login: 1433282728933
  logout: 1433283299971
ipAddress: 190.102.254.197
lastlocation:
  world: juegos
  x: -1395.4185400764914
  y: 30.018814808330944
  z: 4026.3840599087716
  yaw: 178.01599
  pitch: 8.899191
logoutlocation:
  world: juegos
  x: -1397.2330807898022
  y: 28.0
  z: 3981.4842951065634
  yaw: 14.191116
  pitch: -13.650421
socialspy: false
money: '30.0'
