lastAccountName: fabian
timestamps:
  login: 1437159533913
  logout: 1437159573865
ipAddress: 201.215.221.88
lastlocation:
  world: juegos
  x: -1395.4185400764914
  y: 30.018814808330944
  z: 4026.3840599087716
  yaw: 178.01599
  pitch: 8.899191
logoutlocation:
  world: juegos
  x: -1400.5
  y: 104.0
  z: 4023.5
  yaw: 0.0
  pitch: 0.0
socialspy: false
money: '30.0'
