lastAccountName: Miguelkilled_YT
timestamps:
  login: 1434592869199
  logout: 1434593047190
  lastteleport: 1434072371012
ipAddress: 181.50.101.22
lastlocation:
  world: spawn
  x: -625.3047715930117
  y: 49.0
  z: -2424.300000011921
  yaw: -81.45097
  pitch: 9.840006
logoutlocation:
  world: plotworld
  x: 203.92424772255978
  y: 65.0
  z: 137.244260084847
  yaw: -152.96658
  pitch: 27.466795
socialspy: false
money: '30.0'
