lastAccountName: viviana3600
timestamps:
  login: 1433376360361
  lastteleport: 1433376469559
  logout: 1433378221641
ipAddress: 189.165.110.117
lastlocation:
  world: SkyWars
  x: -0.17898226922966115
  y: 51.0
  z: -19.658889923245344
  yaw: 244.3551
  pitch: 16.59477
logoutlocation:
  world: SkyWars
  x: 0.814044064757341
  y: 49.5
  z: -5.904206433419327
  yaw: 8.237915
  pitch: 13.545989
money: '235.0'
