lastAccountName: destekllo
timestamps:
  login: 1433794936223
  logout: 1433795056829
ipAddress: 179.9.241.205
lastlocation:
  world: juegos
  x: -1395.4185400764914
  y: 30.018814808330944
  z: 4026.3840599087716
  yaw: 178.01599
  pitch: 8.899191
logoutlocation:
  world: juegos
  x: -1477.4504571952477
  y: 6.020441196381715
  z: 3976.6367961175247
  yaw: 165.54074
  pitch: 28.349627
money: '30.0'
