lastAccountName: TOLEDO
timestamps:
  login: 1433013115810
  logout: 1433013167712
ipAddress: 186.95.65.180
lastlocation:
  world: juegos
  x: -1395.4185400764914
  y: 30.018814808330944
  z: 4026.3840599087716
  yaw: 178.01599
  pitch: 8.899191
logoutlocation:
  world: juegos
  x: -1403.4432393875131
  y: 28.5
  z: 3977.14095158553
  yaw: 275.64093
  pitch: 54.59958
socialspy: false
money: '30.0'
