lastAccountName: francrk199
timestamps:
  login: 1432944910603
  logout: 1432945300799
ipAddress: 190.167.185.105
lastlocation:
  world: juegos
  x: -1395.4185400764914
  y: 30.018814808330944
  z: 4026.3840599087716
  yaw: 178.01599
  pitch: 8.899191
logoutlocation:
  world: Factions
  x: 185.7547204929789
  y: 66.0
  z: -482.1270891902139
  yaw: 51.559296
  pitch: 17.249939
socialspy: false
money: '30.0'
