lastAccountName: fernan619
timestamps:
  login: 1434248164054
  logout: 1434248200367
ipAddress: 200.87.40.17
lastlocation:
  world: juegos
  x: -1395.4185400764914
  y: 30.018814808330944
  z: 4026.3840599087716
  yaw: 178.01599
  pitch: 8.899191
logoutlocation:
  world: juegos
  x: -1393.5
  y: 107.0
  z: 4019.5
  yaw: 0.0
  pitch: 0.0
socialspy: false
money: '30.0'
