lastAccountName: alexanderc8
timestamps:
  login: 1431546835713
  logout: 1431546955622
ipAddress: 181.163.74.239
lastlocation:
  world: juegos
  x: -952.4587604191012
  y: 129.91480945967268
  z: -524.5366122256469
  yaw: -177.83528
  pitch: 66.652794
logoutlocation:
  world: juegos
  x: -1066.678761728728
  y: 124.0
  z: -530.113038556135
  yaw: -150.78625
  pitch: -28.799995
money: '30.0'
