lastAccountName: XCrazyxZeusX
timestamps:
  login: 1432934695230
  logout: 1432934762499
ipAddress: 201.220.233.212
lastlocation:
  world: juegos
  x: -1395.4185400764914
  y: 30.018814808330944
  z: 4026.3840599087716
  yaw: 178.01599
  pitch: 8.899191
logoutlocation:
  world: juegos
  x: -1396.7493803661969
  y: 27.0
  z: 3944.403254400234
  yaw: 150.39098
  pitch: -3.4499874
money: '30.0'
