lastAccountName: tuproyomas
timestamps:
  login: 1432495572528
  lastteleport: 1432495655399
  logout: 1432495666450
ipAddress: 200.106.101.33
lastlocation:
  world: juegos
  x: -1392.2579599788746
  y: 27.0
  z: 3923.830016800167
  yaw: 199.72568
  pitch: -29.777128
logoutlocation:
  world: SkyWars
  x: 1.178793344498385
  y: 51.0
  z: -21.771082598966025
  yaw: 20.669525
  pitch: -0.59419596
money: '30.0'
