lastAccountName: Dragend
timestamps:
  login: 1434766638774
  logout: 1434766666932
ipAddress: 200.81.156.98
lastlocation:
  world: juegos
  x: -1395.4185400764914
  y: 30.018814808330944
  z: 4026.3840599087716
  yaw: 178.01599
  pitch: 8.899191
logoutlocation:
  world: juegos
  x: -1397.2755384002937
  y: 28.0
  z: 4006.0642100942728
  yaw: 202.04993
  pitch: 11.550002
money: '30.0'
