lastAccountName: MinKoK
timestamps:
  login: 1433091294916
  logout: 1433091334568
ipAddress: 190.163.218.245
lastlocation:
  world: juegos
  x: -1395.4185400764914
  y: 30.018814808330944
  z: 4026.3840599087716
  yaw: 178.01599
  pitch: 8.899191
logoutlocation:
  world: juegos
  x: -1394.5
  y: 104.0
  z: 4025.5
  yaw: 0.0
  pitch: 0.0
socialspy: false
money: '30.0'
