lastAccountName: swampie
timestamps:
  login: 1434844209758
  logout: 1434844449846
ipAddress: 190.22.148.52
lastlocation:
  world: juegos
  x: -1395.4185400764914
  y: 30.018814808330944
  z: 4026.3840599087716
  yaw: 178.01599
  pitch: 8.899191
logoutlocation:
  world: juegos
  x: -1399.300000011921
  y: 17.5
  z: 4029.6505827251617
  yaw: -102.44992
  pitch: -9.000005
money: '30.0'
