lastAccountName: assasin
timestamps:
  login: 1434559003007
  logout: 1434559041808
ipAddress: 190.129.138.174
lastlocation:
  world: juegos
  x: -1395.4185400764914
  y: 30.018814808330944
  z: 4026.3840599087716
  yaw: 178.01599
  pitch: 8.899191
logoutlocation:
  world: juegos
  x: -1399.5
  y: 99.0
  z: 4027.5
  yaw: 0.0
  pitch: 0.0
socialspy: false
money: '30.0'
