lastAccountName: boby
timestamps:
  login: 1432929531630
  logout: 1432929652336
ipAddress: 190.105.76.139
lastlocation:
  world: juegos
  x: -1395.4185400764914
  y: 30.018814808330944
  z: 4026.3840599087716
  yaw: 178.01599
  pitch: 8.899191
logoutlocation:
  world: Factions
  x: -204.142871354213
  y: 76.0
  z: -250.79406215279357
  yaw: 175.30907
  pitch: 9.600004
money: '30.0'
