lastAccountName: engendro
timestamps:
  login: 1433729836209
  lastteleport: 1433729892980
  logout: 1433729912081
ipAddress: 186.107.123.165
lastlocation:
  world: survival
  x: -28.533852410599582
  y: 103.0
  z: 36.62968456875133
  yaw: -89.85926
  pitch: 9.899813
logoutlocation:
  world: juegos
  x: -1400.5637558521498
  y: 28.0
  z: 3991.315938882449
  yaw: -92.60886
  pitch: -0.9004111
money: '30.0'
