lastAccountName: nationcraft
timestamps:
  login: 1429748833214
  lastteleport: 1429748901557
  logout: 1429749026659
ipAddress: 201.189.18.88
lastlocation:
  world: juegos
  x: -954.5785924999749
  y: 128.0
  z: -523.841422138274
  yaw: -266.39902
  pitch: 21.599934
logoutlocation:
  world: juegos
  x: -1013.4269009030554
  y: 121.13963453200465
  z: -524.2173196165965
  yaw: -91.198875
  pitch: 6.2998757
money: '29.0'
