lastAccountName: xRevenged
timestamps:
  login: 1435603021262
  logout: 1435603028713
ipAddress: 179.28.11.40
lastlocation:
  world: juegos
  x: -1395.4185400764914
  y: 30.018814808330944
  z: 4026.3840599087716
  yaw: 178.01599
  pitch: 8.899191
logoutlocation:
  world: spawn
  x: -613.5
  y: 28.0
  z: -1367.5
  yaw: -183.51764
  pitch: 61.43937
socialspy: false
money: '30.0'
