lastAccountName: the_tomas13
timestamps:
  login: 1433881633855
  logout: 1433881653405
ipAddress: 190.101.82.176
lastlocation:
  world: juegos
  x: -1395.4185400764914
  y: 30.018814808330944
  z: 4026.3840599087716
  yaw: 178.01599
  pitch: 8.899191
logoutlocation:
  world: juegos
  x: -1395.5
  y: 28.0
  z: 4026.5
  yaw: -179.309
  pitch: 31.949587
money: '30.0'
