lastAccountName: ItzTony_Hg17
timestamps:
  login: 1434675710830
  lastteleport: 1434251591865
  logout: 1434675758042
ipAddress: 190.211.102.213
lastlocation:
  world: spawn
  x: -627.1478224881816
  y: 38.0
  z: -1426.9686477894084
  yaw: -138.65558
  pitch: 2.7960503
logoutlocation:
  world: spawn
  x: -617.959650180304
  y: 49.0
  z: -2424.3044816316915
  yaw: 28.78831
  pitch: -23.894829
socialspy: false
money: '570.0'
