lastAccountName: thekevin
timestamps:
  login: 1434660704191
  logout: 1434660857956
ipAddress: 179.26.32.140
lastlocation:
  world: juegos
  x: -1395.4185400764914
  y: 30.018814808330944
  z: 4026.3840599087716
  yaw: 178.01599
  pitch: 8.899191
logoutlocation:
  world: juegos
  x: -1463.167859735561
  y: 24.0
  z: 3991.045224753987
  yaw: 96.15015
  pitch: -83.55
money: '30.0'
