lastAccountName: MaXx_CrAfT
timestamps:
  login: 1437001944577
  logout: 1437001984225
ipAddress: 190.220.152.170
lastlocation:
  world: juegos
  x: -1395.4185400764914
  y: 30.018814808330944
  z: 4026.3840599087716
  yaw: 178.01599
  pitch: 8.899191
logoutlocation:
  world: juegos
  x: -1397.5
  y: 56.0
  z: 4031.5
  yaw: 0.0
  pitch: 0.0
money: '30.0'
