lastAccountName: darielinchogamer
timestamps:
  login: 1435604202777
  logout: 1435604296497
ipAddress: 190.225.4.181
lastlocation:
  world: juegos
  x: -1395.4185400764914
  y: 30.018814808330944
  z: 4026.3840599087716
  yaw: 178.01599
  pitch: 8.899191
logoutlocation:
  world: spawn
  x: -684.2022182197122
  y: 11.0
  z: -1373.061905660933
  yaw: -24.615679
  pitch: 6.9864807
money: '30.0'
