lastAccountName: resdestone
timestamps:
  login: 1437611546586
  logout: 1437611554335
ipAddress: 190.91.48.197
lastlocation:
  world: juegos
  x: -1395.4185400764914
  y: 30.018814808330944
  z: 4026.3840599087716
  yaw: 178.01599
  pitch: 8.899191
logoutlocation:
  world: spawn
  x: -613.5
  y: 28.0
  z: -1367.5
  yaw: -182.77492
  pitch: 64.752
money: '30.0'
socialspy: false
