lastAccountName: Key_HD
timestamps:
  login: 1433642692975
  lastteleport: 1433296772255
  logout: 1433642707576
ipAddress: 190.176.101.204
lastlocation:
  world: juegos
  x: -1392.4267180746199
  y: 28.0
  z: 4009.1891190174715
  yaw: -160.85895
  pitch: 2.0995884
logoutlocation:
  world: survival
  x: 61.941289342695896
  y: 63.0
  z: 479.1286310819505
  yaw: 275.54053
  pitch: 0.15000856
socialspy: false
money: '30.0'
