lastAccountName: KillerCreeperMax
timestamps:
  login: 1433277262271
  lastteleport: 1433277304350
  logout: 1433277541103
ipAddress: 179.56.244.79
lastlocation:
  world: juegos
  x: -1395.3857235271967
  y: 28.0
  z: 3982.455319099473
  yaw: -181.70898
  pitch: -4.200413
logoutlocation:
  world: Factions
  x: -577.6308536134602
  y: 68.0
  z: -413.32397841166835
  yaw: 113.05916
  pitch: 5.8499837
money: '30.0'
