lastAccountName: juako
timestamps:
  login: 1433453233729
  lastteleport: 1433453295236
  logout: 1433453332023
ipAddress: 186.36.44.95
lastlocation:
  world: juegos
  x: -1391.8483016076752
  y: 28.0
  z: 4008.070433628357
  yaw: -167.4029
  pitch: 9.0843725
logoutlocation:
  world: survival
  x: -32.49136442583419
  y: 105.0
  z: 53.67835111145102
  yaw: -1.7711499
  pitch: 9.462329
money: '30.0'
