lastAccountName: david9877
timestamps:
  login: 1434041797282
  lastteleport: 1434041853006
  logout: 1434044299416
ipAddress: 2.152.1.36
lastlocation:
  world: juegos
  x: -1396.0375748622569
  y: 28.0
  z: 4016.8779146978814
  yaw: -198.05896
  pitch: 26.999586
logoutlocation:
  world: spawn
  x: -622.5570178375148
  y: 50.0
  z: -2450.822701097414
  yaw: 179.54929
  pitch: 4.049989
money: '425.0'
