lastAccountName: IXICaRlOsIXI2_YT
timestamps:
  login: 1432510605570
  lastteleport: 1432444640307
  logout: 1432510611921
ipAddress: 190.249.75.31
lastlocation:
  world: SkyWars
  x: 0.5380163728578379
  y: 49.0625
  z: 8.289887789762812
  yaw: 146.4792
  pitch: 23.365217
logoutlocation:
  world: SkyWars
  x: 0.4654294757017329
  y: 51.0
  z: -22.92825644012306
  yaw: -105.278366
  pitch: 73.41121
socialspy: false
money: '65.0'
