lastAccountName: Fran
timestamps:
  login: 1432591076039
  logout: 1432591103741
ipAddress: 186.11.15.178
lastlocation:
  world: juegos
  x: -1395.4185400764914
  y: 30.018814808330944
  z: 4026.3840599087716
  yaw: 178.01599
  pitch: 8.899191
logoutlocation:
  world: juegos
  x: -1394.5
  y: 56.0
  z: 4031.5
  yaw: 0.0
  pitch: 0.0
socialspy: false
money: '30.0'
