lastAccountName: ByLeonCraft_HD
timestamps:
  login: 1435163684551
  logout: 1435163862916
ipAddress: 190.72.16.177
lastlocation:
  world: juegos
  x: -1395.4185400764914
  y: 30.018814808330944
  z: 4026.3840599087716
  yaw: 178.01599
  pitch: 8.899191
logoutlocation:
  world: world
  x: -50.64402573918757
  y: 70.0
  z: 264.2096156452908
  yaw: 38.849792
  pitch: 44.100006
money: '30.0'
