lastAccountName: 4mzinGG
timestamps:
  login: 1426290457649
  logout: 1426293093267
  lastteleport: 1426290517509
ipAddress: 190.101.11.14
logoutlocation:
  world: world
  x: -209.30017708661728
  y: 75.0
  z: 709.7816937987352
  yaw: 96.670105
  pitch: 35.25004
lastlocation:
  world: world
  x: -267.148764706817
  y: 75.96904199545261
  z: 86.76050502942721
  yaw: 335.2479
  pitch: 46.05003
money: '30.0'
