lastAccountName: sa001
timestamps:
  login: 1436665173883
  logout: 1436665213182
ipAddress: 190.0.111.34
lastlocation:
  world: juegos
  x: -1395.4185400764914
  y: 30.018814808330944
  z: 4026.3840599087716
  yaw: 178.01599
  pitch: 8.899191
logoutlocation:
  world: juegos
  x: -1400.5
  y: 107.0
  z: 4017.5
  yaw: 0.0
  pitch: 0.0
money: '30.0'
