lastAccountName: GerardoGamerz
timestamps:
  login: 1433635320042
  lastteleport: 1433635354245
  logout: 1433635395423
ipAddress: 167.61.168.76
lastlocation:
  world: juegos
  x: -1396.3759789621688
  y: 28.0
  z: 4010.5788436033845
  yaw: -184.31383
  pitch: 18.33351
logoutlocation:
  world: SkyWars
  x: 0.8785906722954469
  y: 51.0
  z: -21.12898767888394
  yaw: -2.5306308
  pitch: 13.367333
money: '30.0'
