lastAccountName: HectoritoFenix
timestamps:
  login: 1436065313075
  lastteleport: 1436065680772
  logout: 1436066002718
ipAddress: 189.229.6.121
lastlocation:
  world: spawn
  x: -614.6755413197268
  y: 28.0
  z: -1370.7457887180353
  yaw: 130.87512
  pitch: 2.801992
logoutlocation:
  world: juegos
  x: -1134.034511596541
  y: 54.0
  z: 2762.528331433111
  yaw: 300.7049
  pitch: 0.29993796
money: '30.0'
