lastAccountName: arianna
timestamps:
  login: 1436406000659
  lastteleport: 1434316820914
  logout: 1436406040169
ipAddress: 190.79.250.230
lastlocation:
  world: juegos
  x: 4703.340877874593
  y: 53.0
  z: 1048.081162281696
  yaw: -115.61877
  pitch: 36.37849
logoutlocation:
  world: spawn
  x: -614.180174882915
  y: 28.0
  z: -1392.267267630208
  yaw: 135.2131
  pitch: 30.472235
socialspy: false
money: '30.0'
