lastAccountName: BasilGE2003
timestamps:
  login: 1433719924519
  lastteleport: 1433289808145
  logout: 1433719928970
ipAddress: 186.77.200.224
lastlocation:
  world: plotworld
  x: -154.46401115416236
  y: 65.0
  z: 86.03746339922805
  yaw: -179.44466
  pitch: 60.894043
logoutlocation:
  world: SkyWars
  x: 0.5552248231528313
  y: 52.61387992998081
  z: -22.708357930336522
  yaw: -173.11192
  pitch: 2.5959973
socialspy: false
money: '55.0'
