lastAccountName: vegrtta777
timestamps:
  login: 1433888076854
  logout: 1433888082504
ipAddress: 181.65.59.170
lastlocation:
  world: juegos
  x: -1395.4185400764914
  y: 30.018814808330944
  z: 4026.3840599087716
  yaw: 178.01599
  pitch: 8.899191
logoutlocation:
  world: juegos
  x: -1394.7318664569214
  y: 28.0
  z: 3982.1596070943565
  yaw: 171.99103
  pitch: 5.0999966
socialspy: false
money: '30.0'
