lastAccountName: Progamer61
timestamps:
  login: 1433368030758
  lastteleport: 1433368081607
  logout: 1433368613980
ipAddress: 190.19.255.130
lastlocation:
  world: juegos
  x: -1374.2916364714492
  y: 28.5
  z: 3988.234641561821
  yaw: -139.25594
  pitch: 8.477095
logoutlocation:
  world: SkyWars
  x: 0.5447111021008924
  y: 51.0
  z: -23.20387122186795
  yaw: 180.49553
  pitch: 4.0942397
socialspy: false
money: '780.0'
