lastAccountName: pato
timestamps:
  login: 1436640257519
  lastteleport: 1436641939172
  logout: 1436642070432
ipAddress: 190.160.39.153
lastlocation:
  world: survival
  x: 238.93842214765678
  y: 67.0
  z: -95.74907435820066
  yaw: 268.19754
  pitch: -0.5999755
logoutlocation:
  world: spawn
  x: -513.3000000119209
  y: 12.0
  z: -1447.7390527643354
  yaw: 249.67584
  pitch: -19.69801
socialspy: false
money: '30.0'
