lastAccountName: antcat
timestamps:
  login: 1436886566654
  logout: 1436886583502
ipAddress: 187.148.42.102
lastlocation:
  world: juegos
  x: -1395.4185400764914
  y: 30.018814808330944
  z: 4026.3840599087716
  yaw: 178.01599
  pitch: 8.899191
logoutlocation:
  world: spawn
  x: -613.5
  y: 28.0
  z: -1367.5
  yaw: -179.3249
  pitch: 55.902
money: '30.0'
