lastAccountName: ZETIX11
timestamps:
  login: 1433027819527
  logout: 1433027890391
ipAddress: 83.37.51.241
lastlocation:
  world: juegos
  x: -1395.4185400764914
  y: 30.018814808330944
  z: 4026.3840599087716
  yaw: 178.01599
  pitch: 8.899191
logoutlocation:
  world: Factions
  x: -278.7914944958931
  y: 79.0
  z: -302.404413028853
  yaw: 88.0548
  pitch: 2.8467245
money: '30.0'
