lastAccountName: brix233lol
timestamps:
  login: 1433551869454
  logout: 1433551909205
ipAddress: 201.187.43.27
lastlocation:
  world: juegos
  x: -1395.4185400764914
  y: 30.018814808330944
  z: 4026.3840599087716
  yaw: 178.01599
  pitch: 8.899191
logoutlocation:
  world: juegos
  x: -1402.5
  y: 106.0
  z: 4020.5
  yaw: 0.0
  pitch: 0.0
money: '30.0'
