lastAccountName: Wucarlos
timestamps:
  login: 1433018672262
  logout: 1433018812289
ipAddress: 200.28.107.254
lastlocation:
  world: juegos
  x: -1395.4185400764914
  y: 30.018814808330944
  z: 4026.3840599087716
  yaw: 178.01599
  pitch: 8.899191
logoutlocation:
  world: Factions
  x: -348.2236771401754
  y: 68.0
  z: -302.44322703090756
  yaw: 174.25906
  pitch: 18.30002
money: '30.0'
