lastAccountName: Suckram9
timestamps:
  login: 1435340763826
  logout: 1435340791204
ipAddress: 83.250.219.153
lastlocation:
  world: juegos
  x: -1395.4185400764914
  y: 30.018814808330944
  z: 4026.3840599087716
  yaw: 178.01599
  pitch: 8.899191
logoutlocation:
  world: juegos
  x: -1401.5
  y: 54.0
  z: 4030.5
  yaw: 2.4576
  pitch: -0.6144
socialspy: false
money: '30.0'
