lastAccountName: stiven
timestamps:
  login: 1434834549116
  logout: 1434834588652
ipAddress: 190.163.155.49
lastlocation:
  world: juegos
  x: -1395.4185400764914
  y: 30.018814808330944
  z: 4026.3840599087716
  yaw: 178.01599
  pitch: 8.899191
logoutlocation:
  world: juegos
  x: -1386.5
  y: 88.0
  z: 4027.5
  yaw: 0.0
  pitch: 0.0
money: '30.0'
