lastAccountName: vegeta10000
timestamps:
  login: 1433297693342
  logout: 1433297959200
ipAddress: 186.95.160.165
lastlocation:
  world: juegos
  x: -1395.4185400764914
  y: 30.018814808330944
  z: 4026.3840599087716
  yaw: 178.01599
  pitch: 8.899191
logoutlocation:
  world: juegos
  x: -1456.4168031229726
  y: 23.5
  z: 3936.8095070503837
  yaw: 58.44098
  pitch: 17.549988
money: '30.0'
