lastAccountName: ScrapyGamer_YT
timestamps:
  login: 1432444837628
  lastteleport: 1432444877650
  logout: 1432445635881
ipAddress: 190.84.148.88
lastlocation:
  world: juegos
  x: -1395.5023485462698
  y: 28.0
  z: 4011.8365869872664
  yaw: -179.93767
  pitch: 14.714157
logoutlocation:
  world: SkyWars
  x: 1.1856150747497314
  y: 50.0
  z: -2.337403665238729
  yaw: 358.6251
  pitch: 5.8842034
money: '55.0'
