lastAccountName: ZonaLeRoS
timestamps:
  login: 1433884555558
  lastteleport: 1433885266084
  logout: 1433886467015
ipAddress: 186.106.82.4
lastlocation:
  world: juegos
  x: -1287.7674395340584
  y: 20.0
  z: 3948.5540411422503
  yaw: 1.1410522
  pitch: 6.900012
logoutlocation:
  world: plotworld
  x: -253.24846517353626
  y: 69.0
  z: -216.30000001192093
  yaw: 18.749512
  pitch: 42.44983
money: '30.0'
