lastAccountName: KubaForcePL
timestamps:
  login: 1435264367438
  lastteleport: 1435264476207
  logout: 1435264488872
ipAddress: 201.222.186.130
lastlocation:
  world: spawn
  x: 549.6737712094624
  y: 39.0
  z: -1067.6405233406695
  yaw: 91.52481
  pitch: 11.27138
logoutlocation:
  world: juegos
  x: 4702.711157415658
  y: 54.0
  z: 1041.5566171487726
  yaw: 21.41516
  pitch: 46.62855
money: '30.0'
