lastAccountName: MudkipTrololol
timestamps:
  login: 1434147401038
  logout: 1434147443588
ipAddress: 131.221.19.139
lastlocation:
  world: juegos
  x: -1395.4185400764914
  y: 30.018814808330944
  z: 4026.3840599087716
  yaw: 178.01599
  pitch: 8.899191
logoutlocation:
  world: spawn
  x: -618.2130817969754
  y: 27.0
  z: -1493.0265198300103
  yaw: 179.8987
  pitch: 14.550012
money: '30.0'
