lastAccountName: mazzatt
timestamps:
  login: 1433645746991
  lastteleport: 1433645807374
  logout: 1433645916536
ipAddress: 181.75.36.219
lastlocation:
  world: juegos
  x: -1393.2368911782237
  y: 28.0
  z: 4010.7180953984566
  yaw: -157.23169
  pitch: -1.7321198
logoutlocation:
  world: survival
  x: -38.69999998807907
  y: 103.0
  z: 56.41293999669617
  yaw: 83.09073
  pitch: -39.900032
money: '30.0'
