lastAccountName: Archie888
timestamps:
  login: 1433285185214
  lastteleport: 1433285304833
  logout: 1433285350189
ipAddress: 190.161.113.241
lastlocation:
  world: juegos
  x: 4703.9119542082435
  y: 52.0
  z: 1047.699999988079
  yaw: -89.799126
  pitch: 9.598104
logoutlocation:
  world: juegos
  x: 4702.694535048521
  y: 54.0
  z: 1041.1842725957079
  yaw: -186.24878
  pitch: 36.749992
money: '30.0'
