lastAccountName: bacoextrafalario
timestamps:
  login: 1433739182016
  logout: 1433739233807
ipAddress: 190.44.62.126
lastlocation:
  world: juegos
  x: -1395.4185400764914
  y: 30.018814808330944
  z: 4026.3840599087716
  yaw: 178.01599
  pitch: 8.899191
logoutlocation:
  world: juegos
  x: -1386.6081580305554
  y: 28.0
  z: 3991.592103179851
  yaw: -242.85002
  pitch: -0.74998736
socialspy: false
money: '30.0'
