lastAccountName: Linkawesome159
timestamps:
  login: 1434202321681
  lastteleport: 1434202459055
  logout: 1434202463776
ipAddress: 181.160.248.220
lastlocation:
  world: survival
  x: -8.5
  y: 121.0
  z: -2.5
  yaw: 6.380424
  pitch: 32.246395
logoutlocation:
  world: survival
  x: -1562.16540438403
  y: 102.0
  z: 3799.8026861051744
  yaw: 3.3096924
  pitch: 12.599906
money: '30.0'
