lastAccountName: PEPELOTAS_13
timestamps:
  login: 1433910319012
  lastteleport: 1433891952798
  logout: 1433910358314
ipAddress: 201.239.111.56
lastlocation:
  world: juegos
  x: -1399.0648325706056
  y: 28.0
  z: 4009.1259094244706
  yaw: -185.75883
  pitch: -3.3004076
logoutlocation:
  world: SkyWars
  x: 0.5552248231528313
  y: 51.0
  z: -22.708357930336522
  yaw: 87.888084
  pitch: 38.595993
socialspy: false
money: '30.0'
