lastAccountName: emilio
timestamps:
  login: 1434312338501
  logout: 1434312377023
ipAddress: 190.110.168.28
lastlocation:
  world: juegos
  x: -1395.4185400764914
  y: 30.018814808330944
  z: 4026.3840599087716
  yaw: 178.01599
  pitch: 8.899191
logoutlocation:
  world: juegos
  x: -1387.5
  y: 88.0
  z: 4027.5
  yaw: 0.0
  pitch: 0.0
money: '30.0'
