lastAccountName: matimaton6208_YT
timestamps:
  login: 1434043372352
  lastteleport: 1434043892612
  logout: 1434044284377
ipAddress: 190.215.197.133
lastlocation:
  world: juegos
  x: -1397.4470197422538
  y: 28.0
  z: 3958.262049853944
  yaw: 180.74878
  pitch: -17.550056
logoutlocation:
  world: spawn
  x: -620.4966364994544
  y: 52.61416413842136
  z: -2425.5808133252312
  yaw: 187.19928
  pitch: -2.1599996
money: '30.0'
