lastAccountName: CapivaraDeTeta
timestamps:
  login: 1430091828493
  logout: 1430091844138
ipAddress: 190.82.166.142
lastlocation:
  world: juegos
  x: -952.4587604191012
  y: 129.91480945967268
  z: -524.5366122256469
  yaw: -177.83528
  pitch: 66.652794
logoutlocation:
  world: juegos
  x: -945.5
  y: 124.0
  z: -519.5
  yaw: 0.3
  pitch: -0.15
socialspy: false
money: '30.0'
