lastAccountName: paabloxd
timestamps:
  login: 1432960927231
  logout: 1432961406711
ipAddress: 186.105.227.108
lastlocation:
  world: juegos
  x: -1395.4185400764914
  y: 30.018814808330944
  z: 4026.3840599087716
  yaw: 178.01599
  pitch: 8.899191
logoutlocation:
  world: Factions
  x: -316.6345183720005
  y: 72.0
  z: -302.46311443602536
  yaw: -234.94072
  pitch: -89.7
money: '30.0'
