lastAccountName: Wuachimingo13
timestamps:
  login: 1433108185042
  logout: 1433108202422
ipAddress: 179.9.243.51
lastlocation:
  world: juegos
  x: -1395.4185400764914
  y: 30.018814808330944
  z: 4026.3840599087716
  yaw: 178.01599
  pitch: 8.899191
logoutlocation:
  world: juegos
  x: -1397.855629728333
  y: 28.0
  z: 4010.6946373417686
  yaw: -182.73148
  pitch: 12.583456
money: '30.0'
