lastAccountName: huso
timestamps:
  login: 1436043771277
  logout: 1436043805231
ipAddress: 186.94.30.74
lastlocation:
  world: juegos
  x: -1395.4185400764914
  y: 30.018814808330944
  z: 4026.3840599087716
  yaw: 178.01599
  pitch: 8.899191
logoutlocation:
  world: juegos
  x: -1388.5
  y: 103.0
  z: 4023.5
  yaw: 0.0
  pitch: 0.0
socialspy: false
money: '30.0'
