lastAccountName: alexdg14
timestamps:
  login: 1436065334283
  lastteleport: 1436065488615
  logout: 1436065837575
ipAddress: 189.243.111.238
lastlocation:
  world: juegos
  x: -1127.352583756314
  y: 48.0
  z: 2787.981007909349
  yaw: 168.28003
  pitch: 17.460155
logoutlocation:
  world: juegos
  x: -1099.0996259548112
  y: 50.0
  z: 2776.080489734785
  yaw: -54.802856
  pitch: 19.144596
money: '30.0'
