lastAccountName: alfredox
timestamps:
  login: 1434224284674
  logout: 1434224782712
ipAddress: 186.11.12.75
lastlocation:
  world: juegos
  x: -1395.4185400764914
  y: 30.018814808330944
  z: 4026.3840599087716
  yaw: 178.01599
  pitch: 8.899191
logoutlocation:
  world: spawn
  x: -701.6556424049808
  y: 6.0
  z: -1454.5301394935245
  yaw: 136.10023
  pitch: 33.150063
money: '30.0'
