lastAccountName: Coulten
timestamps:
  login: 1434918704136
  logout: 1434918742787
ipAddress: 181.72.155.51
lastlocation:
  world: juegos
  x: -1395.4185400764914
  y: 30.018814808330944
  z: 4026.3840599087716
  yaw: 178.01599
  pitch: 8.899191
logoutlocation:
  world: juegos
  x: -1399.5
  y: 53.0
  z: 4035.5
  yaw: 0.0
  pitch: 0.0
money: '30.0'
