lastAccountName: Al3j4ndroxD
timestamps:
  login: 1430945634100
  lastteleport: 1430945709017
  logout: 1430945719425
ipAddress: 179.60.78.250
lastlocation:
  world: juegos
  x: -1027.4830339152759
  y: 20.0
  z: 519.4145915509368
  yaw: -59.196335
  pitch: 33.41883
socialspy: false
logoutlocation:
  world: juegos
  x: -952.7499327051822
  y: 123.0
  z: -536.3093092436194
  yaw: 183.11395
  pitch: 57.8532
money: '30.0'
