lastAccountName: Jayz_1206
timestamps:
  login: 1435602848780
  lastteleport: 1435603083233
  logout: 1435603261326
ipAddress: 190.248.254.1
lastlocation:
  world: juegos
  x: -870.5071618747851
  y: 25.5
  z: 3723.95613694909
  yaw: 190.47948
  pitch: 71.400055
logoutlocation:
  world: plotworld
  x: 64.23782204687916
  y: 65.0
  z: -299.7266981059884
  yaw: -124.20002
  pitch: -33.89996
money: '30.0'
