lastAccountName: Colten
timestamps:
  login: 1433709434112
  logout: 1433709740602
ipAddress: 181.72.155.51
lastlocation:
  world: juegos
  x: -1395.4185400764914
  y: 30.018814808330944
  z: 4026.3840599087716
  yaw: 178.01599
  pitch: 8.899191
logoutlocation:
  world: juegos
  x: -1470.300000011921
  y: 7.0
  z: 3986.699999988079
  yaw: 306.89404
  pitch: -69.88725
socialspy: false
money: '30.0'
