lastAccountName: TheSpartanHD
timestamps:
  login: 1433333299137
  logout: 1433333366438
ipAddress: 83.61.79.106
lastlocation:
  world: juegos
  x: -1395.4185400764914
  y: 30.018814808330944
  z: 4026.3840599087716
  yaw: 178.01599
  pitch: 8.899191
logoutlocation:
  world: juegos
  x: -1394.5803611311019
  y: 28.0
  z: 4007.496941397255
  yaw: -115.64915
  pitch: 7.326615
money: '30.0'
