lastAccountName: nickolas3ds
timestamps:
  login: 1434831614524
  logout: 1434831724759
ipAddress: 190.6.167.28
lastlocation:
  world: juegos
  x: -1395.4185400764914
  y: 30.018814808330944
  z: 4026.3840599087716
  yaw: 178.01599
  pitch: 8.899191
logoutlocation:
  world: Factions
  x: -312.4042803113283
  y: 69.0
  z: -268.2980750801579
  yaw: -121.84081
  pitch: -1.4999318
money: '30.0'
