lastAccountName: gguhuhgyfy
timestamps:
  login: 1433798938381
  lastteleport: 1433730611450
  logout: 1433798950454
ipAddress: 181.112.77.81
lastlocation:
  world: juegos
  x: -1398.2945741559909
  y: 28.0
  z: 4006.9000610826906
  yaw: 115.89087
  pitch: -11.400408
logoutlocation:
  world: SkyWars
  x: -0.8502897365997959
  y: 51.0
  z: -19.94506053112458
  yaw: 2.2380981
  pitch: 14.595996
socialspy: false
money: '30.0'
