lastAccountName: PerritoYT
timestamps:
  login: 1432934870452
  logout: 1432935030029
ipAddress: 200.112.244.100
lastlocation:
  world: juegos
  x: -1395.4185400764914
  y: 30.018814808330944
  z: 4026.3840599087716
  yaw: 178.01599
  pitch: 8.899191
logoutlocation:
  world: juegos
  x: -1533.05226975273
  y: -31.59344646644939
  z: 3910.300000011921
  yaw: -214.55934
  pitch: 50.6996
money: '30.0'
