lastAccountName: Matias194
timestamps:
  login: 1433885126559
  lastteleport: 1433885279737
  logout: 1433885280437
ipAddress: 190.209.0.244
lastlocation:
  world: juegos
  x: -1395.8829652118277
  y: 28.0
  z: 3949.9659437473388
  yaw: -194.45901
  pitch: 10.649587
logoutlocation:
  world: survival
  x: -30.5
  y: 103.0
  z: 35.5
  yaw: 329.24066
  pitch: 16.199821
money: '30.0'
