lastAccountName: trollmaster101
timestamps:
  login: 1435025154373
  logout: 1435025158337
ipAddress: 190.46.243.238
lastlocation:
  world: juegos
  x: -1395.4185400764914
  y: 30.018814808330944
  z: 4026.3840599087716
  yaw: 178.01599
  pitch: 8.899191
logoutlocation:
  world: juegos
  x: -1395.5
  y: 29.0
  z: 4026.5
  yaw: 0.0
  pitch: 0.0
money: '30.0'
