lastAccountName: DarkMuerte
timestamps:
  login: 1433190029614
  lastteleport: 1433190072493
  logout: 1433190124755
ipAddress: 186.10.16.135
lastlocation:
  world: juegos
  x: -1392.7232086807364
  y: 28.0
  z: 4007.573707429163
  yaw: -129.95923
  pitch: 7.499599
logoutlocation:
  world: survival
  x: -34.69999998807907
  y: 102.0
  z: 57.69999998807907
  yaw: -124.8093
  pitch: 8.849841
money: '30.0'
