lastAccountName: Sabrina12
timestamps:
  login: 1434762479089
  logout: 1434764695948
ipAddress: 201.239.229.100
lastlocation:
  world: juegos
  x: -1395.4185400764914
  y: 30.018814808330944
  z: 4026.3840599087716
  yaw: 178.01599
  pitch: 8.899191
logoutlocation:
  world: plotworld
  x: -179.2019781255653
  y: 54.0
  z: 256.69999998807907
  yaw: 224.24988
  pitch: 35.850002
socialspy: false
money: '30.0'
