lastAccountName: min000
timestamps:
  login: 1433369398996
  logout: 1433121037771
ipAddress: 190.163.218.245
lastlocation:
  world: juegos
  x: -1395.4185400764914
  y: 30.018814808330944
  z: 4026.3840599087716
  yaw: 178.01599
  pitch: 8.899191
logoutlocation:
  world: juegos
  x: -1395.5
  y: 28.0
  z: 4026.5
  yaw: -180.84511
  pitch: 35.24123
socialspy: false
money: '30.0'
