lastAccountName: Hiccup_Hero
timestamps:
  login: 1436921015823
  lastteleport: 1436921638035
  logout: 1436921892597
ipAddress: 190.22.74.228
lastlocation:
  world: plotworld
  x: 291.37488800287537
  y: 65.0
  z: 251.20920120641887
  yaw: 134.07959
  pitch: 87.39456
logoutlocation:
  world: juegos
  x: -833.3000000119209
  y: 6.0
  z: 3653.699999988079
  yaw: 107.681335
  pitch: 4.822415
socialspy: false
money: '30.0'
