lastAccountName: Mourad
timestamps:
  login: 1434748664733
  logout: 1434748693537
ipAddress: 83.46.15.134
lastlocation:
  world: juegos
  x: -1395.4185400764914
  y: 30.018814808330944
  z: 4026.3840599087716
  yaw: 178.01599
  pitch: 8.899191
logoutlocation:
  world: juegos
  x: -1405.5
  y: 103.0
  z: 4018.5
  yaw: 0.0
  pitch: 0.0
socialspy: false
money: '30.0'
