lastAccountName: MenmaUzumakiArts
timestamps:
  login: 1432738721348
  logout: 1432738839350
ipAddress: 189.180.20.55
lastlocation:
  world: juegos
  x: -1395.4185400764914
  y: 30.018814808330944
  z: 4026.3840599087716
  yaw: 178.01599
  pitch: 8.899191
logoutlocation:
  world: juegos
  x: -1324.1009569356831
  y: 6.0
  z: 3983.605022738329
  yaw: 173.40045
  pitch: 1.3589693
socialspy: false
money: '30.0'
