lastAccountName: speedgame98
timestamps:
  login: 1432913660677
  logout: 1432915696429
ipAddress: 181.200.130.86
lastlocation:
  world: juegos
  x: -1395.4185400764914
  y: 30.018814808330944
  z: 4026.3840599087716
  yaw: 178.01599
  pitch: 8.899191
logoutlocation:
  world: survival
  x: 97.19531871727362
  y: 66.0
  z: 253.6965182079428
  yaw: 330.43472
  pitch: 26.39995
money: '30.0'
