lastAccountName: gotengamer1112
timestamps:
  login: 1434220502619
  lastteleport: 1433264321026
  logout: 1434220502819
ipAddress: 148.103.42.167
lastlocation:
  world: plotworld
  x: 100.24235294435977
  y: 45.0
  z: 160.69999998807907
  yaw: 341.67798
  pitch: -83.66918
logoutlocation:
  world: juegos
  x: -1392.2955421069703
  y: 28.0
  z: 4014.3056641609683
  yaw: 132.54372
  pitch: -4.394173
socialspy: false
money: '65.0'
