lastAccountName: XxELASSASINPROxX
timestamps:
  login: 1432682660168
  logout: 1432682743870
ipAddress: 190.208.92.107
lastlocation:
  world: juegos
  x: -1395.4185400764914
  y: 30.018814808330944
  z: 4026.3840599087716
  yaw: 178.01599
  pitch: 8.899191
logoutlocation:
  world: juegos
  x: -1329.9214264516536
  y: 29.0
  z: 3993.0963263930425
  yaw: 105.241
  pitch: -0.75041026
money: '30.0'
