lastAccountName: Jota21
timestamps:
  login: 1434745062805
  logout: 1434745102760
ipAddress: 181.225.113.104
lastlocation:
  world: juegos
  x: -1395.4185400764914
  y: 30.018814808330944
  z: 4026.3840599087716
  yaw: 178.01599
  pitch: 8.899191
logoutlocation:
  world: juegos
  x: -1398.5
  y: 103.0
  z: 4025.5
  yaw: 0.0
  pitch: 0.0
socialspy: false
money: '30.0'
