lastAccountName: mirepo
timestamps:
  login: 1433018001379
  lastteleport: 1433019011605
  logout: 1433019365260
ipAddress: 201.223.85.248
lastlocation:
  world: SkyWars
  x: 0.29047835234211855
  y: 51.0
  z: -19.691976456866975
  yaw: -117.89396
  pitch: 74.849976
logoutlocation:
  world: Factions
  x: -90.32067513228117
  y: 77.0
  z: -260.8697260532149
  yaw: 14.209175
  pitch: 13.650019
money: '30.0'
