lastAccountName: ASDFGHJ
timestamps:
  login: 1434318603833
  logout: 1434318642061
ipAddress: 181.161.236.1
lastlocation:
  world: juegos
  x: -1395.4185400764914
  y: 30.018814808330944
  z: 4026.3840599087716
  yaw: 178.01599
  pitch: 8.899191
logoutlocation:
  world: juegos
  x: -1396.5
  y: 107.0
  z: 4020.5
  yaw: 0.0
  pitch: 0.0
socialspy: false
money: '30.0'
