lastAccountName: finicck
timestamps:
  login: 1433197909265
  logout: 1433197929032
ipAddress: 141.255.190.240
lastlocation:
  world: juegos
  x: -1395.4185400764914
  y: 30.018814808330944
  z: 4026.3840599087716
  yaw: 178.01599
  pitch: 8.899191
logoutlocation:
  world: juegos
  x: -1399.5
  y: 53.0
  z: 4035.5
  yaw: 0.0
  pitch: 0.0
socialspy: false
money: '30.0'
