lastAccountName: El_Pacio
timestamps:
  login: 1432515146961
  lastteleport: 1432515414129
  logout: 1432515751251
ipAddress: 186.106.21.2
lastlocation:
  world: juegos
  x: -1396.6190397195007
  y: 28.0
  z: 3978.5836029760962
  yaw: 187.29097
  pitch: 5.849583
logoutlocation:
  world: survival
  x: 270.6332483907903
  y: 61.06321617994308
  z: 638.0858445015849
  yaw: 322.49988
  pitch: 7.9499736
money: '30.0'
