lastAccountName: shadowlink64
timestamps:
  login: 1434652264232
  logout: 1434652351260
ipAddress: 190.164.255.89
lastlocation:
  world: juegos
  x: -1395.4185400764914
  y: 30.018814808330944
  z: 4026.3840599087716
  yaw: 178.01599
  pitch: 8.899191
logoutlocation:
  world: juegos
  x: -1394.335949262175
  y: 28.0
  z: 3949.9125841424047
  yaw: -179.39984
  pitch: -15.599979
money: '30.0'
