lastAccountName: ExtremeMaster
timestamps:
  login: 1434066818582
  logout: 1434066936799
ipAddress: 186.128.155.167
lastlocation:
  world: juegos
  x: -1395.4185400764914
  y: 30.018814808330944
  z: 4026.3840599087716
  yaw: 178.01599
  pitch: 8.899191
logoutlocation:
  world: spawn
  x: -571.7027513936386
  y: 28.0
  z: -1395.45246675029
  yaw: 281.33475
  pitch: 70.82461
money: '30.0'
