lastAccountName: thespartanpvp123
timestamps:
  login: 1435028268233
  logout: 1435028293886
ipAddress: 148.103.42.167
lastlocation:
  world: juegos
  x: -1395.4185400764914
  y: 30.018814808330944
  z: 4026.3840599087716
  yaw: 178.01599
  pitch: 8.899191
logoutlocation:
  world: juegos
  x: -1395.5
  y: 29.0
  z: 4026.5
  yaw: 3.986088
  pitch: -0.7034273
socialspy: false
money: '30.0'
