lastAccountName: PaoloHernandez29
timestamps:
  login: 1431466962504
  lastteleport: 1431467036863
  logout: 1431467127674
ipAddress: 190.217.146.70
lastlocation:
  world: juegos
  x: -932.6872356395597
  y: 121.0
  z: -506.982341308513
  yaw: -314.736
  pitch: 12.750012
logoutlocation:
  world: juegos
  x: -952.1246970166878
  y: 128.5
  z: -524.4864847618612
  yaw: 269.66382
  pitch: 51.103195
money: '30.0'
