lastAccountName: biorkita
timestamps:
  login: 1432583031313
  logout: 1432583060314
ipAddress: 201.236.61.80
lastlocation:
  world: juegos
  x: -1395.4185400764914
  y: 30.018814808330944
  z: 4026.3840599087716
  yaw: 178.01599
  pitch: 8.899191
logoutlocation:
  world: juegos
  x: -1403.5
  y: 107.0
  z: 4019.5
  yaw: 0.0
  pitch: 0.0
socialspy: false
money: '30.0'
