lastAccountName: juanithox
timestamps:
  login: 1434306643106
  logout: 1434306653095
ipAddress: 186.35.98.222
lastlocation:
  world: juegos
  x: -1395.4185400764914
  y: 30.018814808330944
  z: 4026.3840599087716
  yaw: 178.01599
  pitch: 8.899191
logoutlocation:
  world: spawn
  x: -613.5398920168524
  y: 30.0
  z: -1367.466671878569
  yaw: 176.7487
  pitch: 13.200003
socialspy: false
money: '30.0'
