lastAccountName: Moskiltro
timestamps:
  login: 1434769471054
  lastteleport: 1434768819900
  logout: 1434769863018
ipAddress: 190.22.141.229
lastlocation:
  world: juegos
  x: -1393.5851923391313
  y: 28.0
  z: 4007.578126138946
  yaw: 246.1442
  pitch: 6.098851
logoutlocation:
  world: survival
  x: 71.5502445354869
  y: 67.0
  z: 109.77408553933209
  yaw: 351.0074
  pitch: 11.8499775
socialspy: false
money: '130.0'
