lastAccountName: etjgjmrfk
timestamps:
  login: 1434590068622
  logout: 1434590106524
ipAddress: 201.215.86.175
lastlocation:
  world: juegos
  x: -1395.4185400764914
  y: 30.018814808330944
  z: 4026.3840599087716
  yaw: 178.01599
  pitch: 8.899191
logoutlocation:
  world: juegos
  x: -1397.5
  y: 99.0
  z: 4028.5
  yaw: 0.0
  pitch: 0.0
socialspy: false
money: '30.0'
