lastAccountName: Evanirvin
timestamps:
  login: 1432344359339
  lastteleport: 1432344038326
  logout: 1432344502750
ipAddress: 189.243.58.65
lastlocation:
  world: survival
  x: 135.5
  y: 69.0
  z: 63.5
  yaw: -263.66034
  pitch: -24.79407
godmode: true
logoutlocation:
  world: survival
  x: 356.29812838889865
  y: 69.0
  z: 59.039038681241706
  yaw: 42.32495
  pitch: 5.220227
socialspy: false
money: '30.0'
