lastAccountName: Brony_Man_Zeke
timestamps:
  login: 1433197596540
ipAddress: 202.198.224.242
lastlocation:
  world: juegos
  x: -1395.4185400764914
  y: 30.018814808330944
  z: 4026.3840599087716
  yaw: 178.01599
  pitch: 8.899191
logoutlocation:
  world: juegos
  x: -1404.5
  y: 104.0
  z: 4017.5
  yaw: 0.0
  pitch: 0.0
money: '30.0'
