lastAccountName: SaloxHD
timestamps:
  login: 1435436484161
  lastteleport: 1435436610869
  logout: 1435436619171
ipAddress: 190.141.16.119
lastlocation:
  world: survival
  x: 3.52600801820436
  y: 53.781213282509626
  z: 30.397275750164013
  yaw: 258.11237
  pitch: -5.129006
logoutlocation:
  world: juegos
  x: -1396.9270878934574
  y: 28.0
  z: 4027.396944484582
  yaw: 134.70392
  pitch: -1.460206
money: '30.0'
