lastAccountName: lauraro0519
timestamps:
  login: 1432436837397
  logout: 1432437311235
ipAddress: 190.21.28.147
lastlocation:
  world: juegos
  x: -1395.4185400764914
  y: 30.018814808330944
  z: 4026.3840599087716
  yaw: 178.01599
  pitch: 8.899191
logoutlocation:
  world: juegos
  x: -1436.149311433065
  y: 9.0
  z: 4044.9350598874835
  yaw: 296.79105
  pitch: 3.1500328
money: '30.0'
