lastAccountName: TheBroArtz
timestamps:
  login: 1433884623188
  lastteleport: 1433885273317
  logout: 1433885378000
ipAddress: 190.217.182.111
lastlocation:
  world: juegos
  x: -1393.099122662544
  y: 28.0
  z: 4009.6272643924112
  yaw: -153.95901
  pitch: 1.1995871
money: '350.0'
logoutlocation:
  world: survival
  x: 43.93495649313879
  y: 117.5
  z: 59.32552533236734
  yaw: 188.39062
  pitch: 13.050016
