lastAccountName: naruto517
timestamps:
  login: 1432450668940
  logout: 1432451007067
ipAddress: 186.105.223.152
lastlocation:
  world: juegos
  x: -1395.4185400764914
  y: 30.018814808330944
  z: 4026.3840599087716
  yaw: 178.01599
  pitch: 8.899191
logoutlocation:
  world: juegos
  x: -1395.4931749049574
  y: 28.0
  z: 4026.309669218317
  yaw: 174.09102
  pitch: 40.199585
socialspy: false
money: '30.0'
