lastAccountName: PenQuirei
timestamps:
  login: 1433805119244
  logout: 1433805158646
ipAddress: 190.44.104.230
lastlocation:
  world: juegos
  x: -1395.4185400764914
  y: 30.018814808330944
  z: 4026.3840599087716
  yaw: 178.01599
  pitch: 8.899191
logoutlocation:
  world: juegos
  x: -1395.5
  y: 28.0
  z: 4026.5
  yaw: -227.00902
  pitch: -29.700415
money: '30.0'
