lastAccountName: '12112003'
timestamps:
  login: 1433711985184
  logout: 1433712024130
ipAddress: 200.87.40.17
lastlocation:
  world: juegos
  x: -1395.4185400764914
  y: 30.018814808330944
  z: 4026.3840599087716
  yaw: 178.01599
  pitch: 8.899191
logoutlocation:
  world: juegos
  x: -1387.5
  y: 51.0
  z: 4034.5
  yaw: 0.0
  pitch: 0.0
money: '30.0'
