lastAccountName: ashleynicole34
timestamps:
  login: 1433288393900
  logout: 1433288433016
ipAddress: 201.211.123.185
lastlocation:
  world: juegos
  x: -1395.4185400764914
  y: 30.018814808330944
  z: 4026.3840599087716
  yaw: 178.01599
  pitch: 8.899191
logoutlocation:
  world: juegos
  x: -1392.5
  y: 53.0
  z: 4035.5
  yaw: 0.0
  pitch: 0.0
money: '30.0'
