lastAccountName: JP0007
timestamps:
  login: 1436759037513
  logout: 1436760253177
ipAddress: 190.160.253.142
lastlocation:
  world: juegos
  x: -1395.4185400764914
  y: 30.018814808330944
  z: 4026.3840599087716
  yaw: 178.01599
  pitch: 8.899191
logoutlocation:
  world: spawn
  x: -538.5535900894464
  y: 20.0
  z: -1407.313182892617
  yaw: 156.41936
  pitch: -90.0
money: '30.0'
