lastAccountName: carlos0125yosmar
timestamps:
  login: 1432511207389
  lastteleport: 1432511259842
  logout: 1432511269492
ipAddress: 181.66.168.206
lastlocation:
  world: juegos
  x: -1405.2103672728042
  y: 29.0
  z: 3950.987500011921
  yaw: 231.39108
  pitch: -1.6504099
logoutlocation:
  world: juegos
  x: -1395.3105527171497
  y: 28.0
  z: 4016.331695026107
  yaw: -167.009
  pitch: -16.950407
socialspy: false
money: '30.0'
