lastAccountName: ranaram123
timestamps:
  login: 1433693401726
  logout: 1433693434386
ipAddress: 190.162.93.228
lastlocation:
  world: juegos
  x: -1395.4185400764914
  y: 30.018814808330944
  z: 4026.3840599087716
  yaw: 178.01599
  pitch: 8.899191
logoutlocation:
  world: juegos
  x: -1402.5
  y: 105.0
  z: 4021.5
  yaw: 0.75
  pitch: -0.29999998
socialspy: false
money: '30.0'
