lastAccountName: diego
timestamps:
  login: 1432424977206
  logout: 1432424981606
ipAddress: 190.120.57.206
lastlocation:
  world: juegos
  x: -1395.4185400764914
  y: 30.018814808330944
  z: 4026.3840599087716
  yaw: 178.01599
  pitch: 8.899191
logoutlocation:
  world: Factions
  x: -214.3402603049201
  y: 72.0
  z: -305.5028278230457
  yaw: 76.83026
  pitch: 25.841028
socialspy: false
money: '30.0'
