lastAccountName: ElectroXD
timestamps:
  login: 1433818734697
  logout: 1433818793160
ipAddress: 190.164.163.136
lastlocation:
  world: juegos
  x: -1395.4185400764914
  y: 30.018814808330944
  z: 4026.3840599087716
  yaw: 178.01599
  pitch: 8.899191
logoutlocation:
  world: juegos
  x: -1394.439436331723
  y: 28.0
  z: 3996.321580861499
  yaw: -177.05899
  pitch: 5.099585
money: '30.0'
