lastAccountName: LUIS
timestamps:
  login: 1437432832809
  lastteleport: 1437433252688
  logout: 1437433266688
ipAddress: 190.235.71.54
lastlocation:
  world: spawn
  x: -603.4667040076625
  y: 29.42159999847412
  z: -1411.0471592833787
  yaw: -173.02475
  pitch: 12.251998
logoutlocation:
  world: spawn
  x: -615.4557167946738
  y: 28.0
  z: -1367.5026699352165
  yaw: 124.12512
  pitch: -2.8980043
money: '30.0'
