lastAccountName: seba
timestamps:
  login: 1433464002161
  logout: 1433464649784
ipAddress: 201.241.169.103
lastlocation:
  world: juegos
  x: -1395.4185400764914
  y: 30.018814808330944
  z: 4026.3840599087716
  yaw: 178.01599
  pitch: 8.899191
logoutlocation:
  world: Factions
  x: -319.39219701803125
  y: 69.0
  z: -332.4998210515263
  yaw: -89.74066
  pitch: 8.699974
money: '30.0'
