spawns: 
  default: 
    world: spawn
    x: -613.6234254888969
    y: 30.0
    z: -1367.372822989373
    yaw: -181.87491
    pitch: 62.351997
  owner: 
    world: spawn
    x: -613.5363209584514
    y: 29.620797053077272
    z: -1367.6624174264996
    yaw: 180.65955
    pitch: 13.200012
  mod: 
    world: spawn
    x: -613.5363209584514
    y: 29.620797053077272
    z: -1367.6624174264996
    yaw: 180.65955
    pitch: 13.200012
