world: survival
x: -1562.6950765838117
y: 102.0
z: 3779.7987638684604
yaw: 355.50958
pitch: -21.300095
name: cof
