world: juegos
x: -876.1704408766999
y: 27.0
z: 3723.0117673164286
yaw: -84.77054
pitch: 16.050049
name: laberinto
