world: survival
x: -19.284818411323943
y: 112.5
z: 47.79072084043541
yaw: 24.626637
pitch: 7.6666183
name: Mina
