world: juegos
x: -1114.4621081501377
y: 54.0
z: 2764.6888051641213
yaw: -357.34296
pitch: 20.699837
name: minipvp
