world: spawn
x: -616.3375152043562
y: 22.0
z: -1354.8528917160759
yaw: 3.4987633
pitch: -15.300021
name: pkspawn
