world: spawn
x: -620.47967243578
y: 49.62103493076058
z: -2425.42716033349
yaw: 182.59619
pitch: 10.742396
name: SkyWars
